74257
17612
61169
14702
4691
39330
26431
7846
41788
22652
80306
48039
58905
35876
71221
72315
56451
78565
27318
58167
59650
44407
59298
39510
604
22531
26843
34289
36517
4914
26877
71703
20129
32256
8541
2780
64955
50904
13693
19412
28843
34360
69962
41279
1099
33602
30907
13636
84608
30711
79601
31055
32311
53974
49693
27858
85847
26790
55156
50768
74089
832
78097
72572
17606
67899
64474
58732
5579
58333
5704
49197
27214
24806
60239
56645
60449
65670
51731
28312
59249
29621
81202
47634
38288
39708
29058
5588
57264
66736
55851
55686
60286
49044
77296
449
39079
64061
20614
2679
76823
44029
34089
67840
32130
12154
55365
2084
32189
35560
86399
11222
44605
72309
22707
31456
76559
61956
72978
19306
14986
51053
60120
58346
67467
76963
53344
67645
47393
4873
31389
42054
22434
74376
42079
10476
63053
9485
7702
43298
24898
71965
76045
27378
6780
16843
55095
41251
51293
87347
52256
46623
8984
79702
1947
69090
67124
1289
25020
35647
69641
43743
81759
41227
30670
7598
46729
70644
60886
45587
1415
30157
81409
80755
85536
38752
11758
43084
64736
58340
42397
1072
18158
39931
57316
18419
46802
71152
36291
28348
87683
36026
24762
68941
721
68613
66028
30466
31143
14076
8629
2415
40475
23432
27799
37853
12303
8566
36762
71433
18243
33792
34056
52013
13556
12255
8040
18532
25883
24645
13063
82624
87491
27711
31118
62945
23656
49103
65824
22987
71122
43620
66670
41946
40095
13350
20418
48814
59642
55755
57398
30698
87161
27851
69928
13017
61412
58129
25841
39046
15952
87396
47188
71693
37970
76779
45925
86240
74889
86070
12150
62721
49760
5933
76350
28486
41449
66303
69048
53758
27737
16353
82672
47702
11268
86341
86958
62039
34045
64612
77536
59760
32444
56703
24431
9473
69545
39318
64046
64580
63445
24226
72000
15049
71428
47619
85742
79757
22488
43158
56921
78357
68819
37700
79716
5706
18474
40099
17042
1143
48842
75063
79594
11473
18490
40210
45864
79992
86281
29764
48454
44886
50242
80895
30989
64428
20482
36046
33966
16510
71815
5650
67278
67160
82130
7559
45975
64761
76905
70535
5590
80025
22180
31692
29039
63979
80708
48310
28936
77757
51960
31116
44502
40472
2434
69030
53127
35222
27728
7054
45562
45959
48073
74707
19241
71618
75595
213
33440
33507
63543
66165
77507
72669
39136
48734
57388
49066
29217
45489
6824
28015
5312
23760
11218
18090
1878
9902
396
26273
4229
73740
60370
44043
26830
6164
73081
67095
61672
61351
78499
49530
4271
72711
48807
83806
62265
5238
62773
32003
2064
4426
48167
48320
87465
41107
59374
51828
24840
33299
36146
25171
46382
30065
24699
46260
3680
62977
47097
19672
33647
79739
39539
5801
16632
37519
50945
74024
76996
87220
55053
69665
69153
21715
6886
67501
57148
69796
75654
55774
32410
86666
16669
3055
53721
84063
19613
72867
62007
22052
15643
85514
53377
45017
81309
64775
33831
38327
29437
74683
23269
42932
21577
56813
56417
67349
85518
14053
61101
60224
28670
78226
37655
69527
12815
23779
48433
23220
75019
84992
36498
36501
65111
28206
68548
6721
85408
30822
63288
28855
2533
15144
68225
37967
42173
7481
55396
67925
80084
83579
49319
7245
62590
86212
54249
8714
53962
5661
11818
56454
55697
9167
2236
13427
78803
7509
19159
47524
61308
34998
40305
11424
53391
38080
14292
26592
55691
84860
58445
85933
22527
26991
8181
53411
38503
33595
51898
83649
16673
61295
52319
31072
86271
44827
6636
4981
41820
3453
63786
14337
20925
52949
80028
43014
60999
70286
71261
5109
82804
14669
3949
63562
20819
18703
1882
20663
20282
52285
83823
38551
84838
34051
80390
46735
65740
15308
45873
31912
49141
79705
64464
9022
17194
52049
1453
81061
17221
59897
72609
56667
25582
7983
79573
44640
28785
54346
57457
37162
78145
42861
41881
48322
4314
81515
44174
46556
21547
47643
54902
70485
32775
70609
40605
68905
7240
56509
53014
9803
33819
62202
55220
27154
81342
60023
230
31526
40403
85856
24318
1282
24413
53948
80440
57193
85965
63500
58287
7350
75881
8580
31303
74455
12783
44632
76107
65153
82400
28640
45072
49599
18837
81853
50222
7491
61842
27799
20831
80919
59976
24743
7264
60825
35770
35021
58003
86497
27677
5395
79640
15833
5272
67281
78654
80158
81953
1957
85298
53851
81313
52746
1757
65065
47384
31810
72975
77981
36985
6818
56122
66231
73568
18481
61448
18883
16099
35323
67507
17675
12246
63083
42421
25080
81419
68277
3578
28037
18680
26574
24735
67165
65079
2713
27822
45231
22979
64803
29026
16849
87299
49733
79288
13644
19173
41215
77425
6183
48299
66
58226
45221
76681
24294
42499
58760
80101
68763
15002
3472
37666
79340
40779
13376
86172
6477
78135
40389
86603
81659
59416
1222
30175
20206
51029
4345
50191
21883
60301
57495
12666
26527
53309
53950
35392
76941
70205
16697
84434
55366
41257
26085
80824
76091
29876
17889
28313
58031
11808
77479
71826
85184
48940
60826
15389
44503
83725
10508
36285
77969
35164
69521
25102
72585
77569
61618
77015
18665
53663
4751
36949
18483
32302
496
8533
21267
19904
60391
24833
10432
87562
27602
69662
40975
17707
35488
50480
37356
59541
50625
46885
21331
50544
36870
43267
70380
20746
19577
67722
27086
25048
18795
74099
35161
62235
82887
24386
65474
73975
34538
39583
71185
806
36812
87898
3110
71335
521
26052
82489
34941
63243
2439
13708
2615
56701
35188
13179
20800
41854
12943
45713
29298
79216
48124
71713
19348
8355
64345
73507
76998
70644
1422
52964
10121
15341
63970
54020
57395
3790
86889
41557
10630
19434
29904
4719
36074
31070
54332
72092
54497
22343
45186
3422
41776
46121
85632
564
59092
35733
7961
31142
87220
41394
43288
46027
34623
27140
20956
59691
10949
10679
5109
3161
8328
58180
32441
54659
3938
77227
25786
25819
983
14295
44002
18572
55840
38157
1216
12877
48194
23487
13229
50801
81676
84668
85141
82711
69646
53615
19455
73440
15381
53100
205
18827
48391
254
12598
54703
39791
46594
80406
15189
14117
5541
14790
19806
65796
68132
17137
30011
83422
76560
49773
22691
71335
25488
71741
37135
55614
50058
8482
18466
50812
4977
50734
62451
31767
13647
46120
25434
39363
81879
17699
62478
36432
82757
30720
27717
8657
8963
39989
58150
16391
28756
54253
13743
16879
2270
8534
42677
50902
13894
72706
7541
4159
44405
43575
85308
60718
23795
41895
44317
53707
564
24990
71846
85234
66853
1054
41780
37792
63424
84572
58937
14888
19609
63973
71940
33406
43767
58931
76537
16378
33597
22297
9451
53177
9088
76823
86230
58089
6934
13321
42433
79878
70188
71716
27264
74028
473
32106
75009
32396
33202
75474
42393
25949
23977
7383
83232
15983
34674
62281
75646
18176
33455
38753
84982
22730
41532
55314
8646
78973
83478
66905
59714
43394
74542
58987
33643
79547
85797
24859
67725
53283
85107
23767
26480
28114
17946
35541
49981
75302
9951
14658
67783
9051
24194
21786
18307
12809
55948
63460
67627
21962
2796
10944
890
320
27618
2245
21317
84321
77414
51523
26006
54041
40615
16644
67632
51053
3972
23003
33603
77625
14834
77189
41831
69075
55263
70200
36682
58627
49051
23
19764
10383
39507
42561
66405
36426
80799
66778
42537
71603
3133
34119
71917
63076
6551
59496
8150
49894
20447
34959
56020
36932
78653
47383
62470
50056
25993
73387
675
85109
58625
60189
39275
33104
77393
8010
17786
12578
74974
75089
3974
17049
18071
55414
14275
65061
43482
14300
39967
85580
56567
32207
59526
36601
74490
80703
42880
56013
31804
37658
61155
11889
83655
36703
67495
82390
65611
40721
31464
45143
55741
32307
36163
43958
22546
18948
54813
26220
35030
5912
15881
63058
66120
7880
17533
46577
5390
24069
65324
44469
17321
37128
28177
60561
53070
24680
75022
41958
79731
3463
47175
40616
13077
80419
61874
6165
14884
54848
45302
7904
17962
12788
45582
46962
21796
12109
21275
61817
4681
64735
44112
81251
67411
22048
48293
18911
11378
7798
74938
53947
64111
46929
62358
67205
73804
55056
68318
19078
44388
52397
3064
53348
36112
54225
7196
47085
73627
22500
70854
58916
10417
69541
44398
18520
19800
42674
65201
50885
32137
57968
9175
77428
84997
32276
23991
12649
36131
9100
87746
7347
15522
82694
43279
27298
12739
37959
32883
28892
71888
52694
153
50565
43526
54430
58287
55156
22298
48443
41919
65852
83315
82883
19372
48677
42767
14282
16644
50626
60466
56771
29022
48908
13487
50928
49952
77115
46526
83211
61237
80543
77277
1814
81235
73205
28167
35736
6998
9323
53349
25803
37120
49532
79091
35870
76368
33493
24173
43183
31977
19106
29735
26009
32748
23153
62954
2436
78859
76240
87321
70971
63490
79766
614
65516
82848
49344
67099
74347
3415
73022
25289
41029
61872
28367
29024
67747
60005
41912
34823
24125
18425
67671
71749
34750
6632
10413
17600
38275
86269
74712
14442
65270
23879
9616
24797
87805
35682
86754
22282
32284
35703
81201
72507
69870
40431
5256
53637
65582
37027
25402
83813
62343
27240
68408
82524
72697
10002
76311
48027
38362
33174
34407
53920
26025
10125
34565
66972
32785
25755
66858
34613
18924
71934
18909
54534
35431
56181
70968
58223
87075
45819
81856
21255
76903
3900
30032
48275
87925
74562
74338
11669
13899
17289
84718
15284
87177
73306
970
83565
18092
67595
82839
68935
41488
15833
10696
63918
48791
87211
8576
64884
9436
40277
43946
70242
31070
13813
14520
9930
3095
62077
27444
65123
47946
49909
13291
17555
62477
21380
84693
54962
16621
11359
5426
14270
12989
4699
38651
34018
37867
62287
66290
31494
11358
67686
36831
35188
79181
27744
48372
8194
76651
76378
13146
27879
21233
44243
65406
35879
83801
32474
39907
28489
64167
35388
39194
81024
37778
75688
14390
68630
54761
20504
56316
83064
15613
85243
63842
25930
76907
59645
36298
75130
61491
82169
63736
55258
35960
1499
69179
5843
49001
59434
20945
12534
10926
9384
48559
57867
33093
15670
65620
77555
16145
10097
6218
21970
72081
4598
23442
13843
11982
41697
67528
42520
83036
15957
16963
180
65870
22026
46638
43857
13394
19890
51377
32255
67709
70257
43383
38604
12533
24939
19155
47510
2062
11063
31978
56442
56458
43327
45164
14250
59093
72938
48900
8139
17876
62939
87544
34036
53215
6004
83272
31409
69735
34104
35296
62251
60021
36047
10453
17581
24888
5638
76745
8567
70985
34844
54718
30836
4976
80603
38968
72835
10821
18643
8169
84078
18020
17022
83875
79600
50303
62757
3474
64519
24493
4060
64327
81871
61501
9141
60898
45362
24810
11003
86895
6558
60940
8057
23008
61798
81967
73939
24128
24556
6474
12150
76628
63390
30512
86866
35821
67123
45753
59816
85556
50180
21016
80432
21124
81041
81431
296
74357
65843
14218
43920
50385
64807
26030
62477
70820
15027
78024
79395
74041
29239
63438
47682
53879
78922
56060
52740
32457
13315
69145
45625
85277
16813
29620
30582
45862
5084
30080
66397
5891
6040
30344
87859
36949
29741
20814
8429
3763
57173
14014
81606
60676
36851
3928
49653
80184
51656
29771
40435
84887
58899
25359
78274
84310
34562
36580
47271
82541
4771
19683
15545
28128
87733
50208
84462
75475
65927
49550
51839
60010
20384
87785
78048
16788
31964
23308
71223
38171
79893
22540
30924
72786
15057
19953
38653
73436
70897
15497
19422
78216
64185
63250
27304
3454
39444
54158
75821
27301
10732
58445
68046
5890
62630
38547
28967
23100
37655
26496
40233
75001
34385
2089
65593
64092
50432
52063
68548
68532
72933
36040
11943
74994
32595
77621
70756
30021
29835
28560
60688
79243
7208
66638
39764
37868
55884
78729
43416
32091
26668
33658
74441
14750
51076
51653
3798
55863
42094
16043
32711
5449
62362
82538
73008
62775
61647
2522
43833
15805
61356
57231
20449
68152
15076
8804
752
9394
34845
14059
19341
35782
20283
41529
42649
36389
38155
36568
18569
10487
62268
64653
20796
68199
1216
2600
24521
74288
85160
68709
77705
76534
40647
11762
70864
77274
25148
2718
19670
74152
32245
20750
12352
14053
13806
69946
4494
58049
82850
81097
32047
49306
73047
34101
40304
45140
87635
18303
68947
86089
20517
29455
27738
45405
65336
82150
83338
25981
44171
33831
16803
29840
49963
46567
47401
9054
52162
63702
50956
39312
18595
7081
70061
7231
70921
30351
38704
60979
12378
51876
32258
41458
23843
81819
21182
6472
79434
8937
24822
44054
62263
54811
83400
30843
86612
41559
81098
31380
62688
20018
81569
73947
50956
66165
10028
54834
22758
20754
32859
21689
41171
2280
37834
42405
72172
59438
40743
49522
14951
22136
16693
37996
26044
67033
54097
84678
57789
64655
48752
15439
51490
35438
71120
55470
10945
37278
6039
56537
78753
36287
5441
1191
39785
28712
70352
70185
9566
49895
52083
43645
27200
33865
7321
83894
37483
37998
19463
53150
50049
23923
2079
41949
61559
10121
29079
9402
81969
79119
81485
35358
59138
61622
60172
11538
35050
15690
50748
86650
39250
57163
73482
25412
67217
393
23250
30016
62605
85290
81776
17024
57024
68061
30578
78570
85009
6813
68383
956
38039
4046
53303
45780
68516
36093
27485
14899
36525
81576
6618
12242
24458
6434
4822
316
23044
54928
87882
37748
38433
44752
80799
35302
53230
35236
68523
5189
50894
44220
70780
35679
12344
68189
35588
66781
5204
34986
41493
36630
16280
75958
57693
44504
38694
49299
25124
42278
83804
79536
60650
22834
26179
70062
82813
51192
33763
71586
296
3625
25180
85708
62395
38108
50268
11160
86122
82789
16300
36654
74296
65001
578
46787
16501
23897
41356
71777
38848
43014
51551
26984
31674
21398
11721
59453
67310
2845
22418
14864
57556
24162
8244
3284
73663
5364
7789
58450
39138
34388
11346
27897
19112
15521
86809
39119
53572
87024
44167
52
31133
11850
33643
12429
55698
41831
45215
67418
82099
60931
80395
7079
16247
59486
5932
57903
18959
17959
6500
60229
15833
65912
38243
42227
85124
86078
34379
37324
71245
57451
49724
62229
9956
36328
9405
38420
62575
76026
13084
21884
72812
17119
85466
78900
2592
43120
5404
42310
69809
55394
78955
1309
50063
56129
43863
14084
71886
53926
75270
84816
10852
55571
14531
38950
57604
18640
65186
23536
81634
47530
38033
36709
29396
75226
36856
56213
29
63486
5212
24910
26157
56608
38388
46887
62179
18876
61925
74845
40197
20943
40200
23131
64944
22725
70521
49439
583
43811
19536
1988
37327
24643
58219
58101
68472
29573
68700
13355
62740
79868
8092
86917
10416
11586
52825
24066
50761
69409
43184
45729
77864
60994
18986
12062
3776
75088
77301
44028
62435
51950
35317
41809
14317
35482
60890
68848
8902
78588
33896
24912
77456
50528
16605
74416
78071
69323
83909
75116
82696
4543
22084
50599
62735
71327
81651
41443
77426
78707
38353
76943
42613
80335
81589
68328
40389
4983
16747
24308
64464
34662
72897
60052
56086
35544
76935
77535
62668
63158
46816
41533
34713
20865
62194
9595
78594
83838
75646
29446
33812
68685
62936
64871
82806
32551
17302
27949
24057
33630
76977
86261
16439
29832
57548
42968
69288
52407
16362
25137
39864
2135
47766
82756
52750
3634
59310
45263
84453
38154
30185
72922
50862
68884
66150
59847
59353
54507
20731
79896
53496
78428
18334
54341
58505
46397
39119
27482
46161
25384
33771
31936
81723
13995
64878
2311
1541
6866
84376
61993
66288
42765
77468
33751
48077
3975
27039
7033
78695
68030
32208
12852
52484
65233
68136
9600
48031
58174
60020
1543
9230
83517
4915
6423
30154
81094
2068
27552
67081
50859
63147
14628
22147
33794
26925
45879
54188
11720
56817
30043
41471
82627
49412
33663
78767
65984
69786
1691
42146
83478
58359
1404
3527
6245
424
61795
48866
17812
16303
45401
41552
14070
23587
86492
6529
65914
30860
71832
39177
62201
1061
14027
16794
54373
44254
15027
69654
52469
21249
2303
77369
12794
9177
54356
51106
70593
41046
305
52259
72727
61091
46003
26888
42622
14840
7923
51354
7672
21287
74594
77750
73348
35280
73666
8471
6492
63990
2805
68959
21213
28278
39321
52709
36774
10189
29076
622
43079
62464
38624
80762
33360
42464
60357
6933
78732
24228
85761
26236
81569
55661
71856
74845
40315
61221
77126
50290
31529
12879
61712
40851
9838
73279
87247
56947
48547
49364
60272
68883
52711
39103
755
21146
30379
82269
66383
12573
12641
41296
21708
85610
20748
49424
80084
31956
7024
65657
72992
60435
9871
86418
74539
42079
52627
68388
68571
53483
34150
6770
73456
50008
4461
78588
72493
78379
50939
36472
18907
48815
43269
44439
48639
72808
71802
45261
54612
2209
62752
19897
46539
45143
86094
85162
85382
33500
16999
34668
62183
52307
49680
60746
50763
27725
26146
36864
84585
74789
17164
74116
25639
51234
71005
73228
16869
12752
37326
35392
22843
5332
523
56525
58034
32424
23757
29058
422
11023
24359
27127
485
50337
28427
37300
16447
68844
13644
87554
68275
55742
16381
50158
44706
36060
11009
60144
37648
60051
71770
36912
14176
3437
70679
34235
76858
44990
23035
35421
69351
55289
41073
5330
71708
36632
9638
71426
36381
46238
1050
3119
71679
72014
59917
15958
24070
37954
79985
48940
35417
81280
46425
6103
40347
76664
28956
53690
83969
14988
43888
63642
38176
47302
53314
65293
78589
14285
54206
50577
4639
84721
68154
44371
45888
36925
10070
19926
29757
49246
7769
3526
45891
24402
45739
62015
2780
4637
42563
80653
35194
11421
64996
8287
27136
37029
84201
73211
29797
22202
34360
87649
82309
57347
73229
840
65053
80447
16097
18489
21536
37331
59363
56840
18175
9208
40083
83951
84086
31326
61852
8369
55770
5123
85237
18035
67836
67356
36705
32039
56542
65486
42694
60373
57749
4003
59332
69655
46877
50804
62509
60114
72631
10292
82649
49417
27143
44451
35872
48350
74803
34842
69431
60176
7477
24171
56247
71247
78706
79694
39962
44016
25313
18472
61440
50308
68317
81536
45693
70819
86551
37735
53927
12141
37540
2582
42256
56002
73899
31010
38604
83919
63262
18213
13098
75193
72754
68603
51708
22745
73129
81363
12034
61802
45361
65126
29773
86216
25595
10715
80160
5847
14223
22309
46868
58172
69165
70107
34655
68067
34347
20545
15065
53401
81962
9320
22357
72816
81770
35355
50550
35810
35824
12958
68451
68555
3383
9745
15086
66429
79866
69884
1424
49816
73148
18937
86150
56584
74654
40545
54748
2791
77863
46125
12785
45917
36665
28430
56362
75704
8855
71535
55573
78450
40093
30284
60995
1657
41603
55612
16163
27938
52054
36476
84417
81709
26663
66109
30584
71527
13825
3803
40131
58308
22667
38469
47418
9028
77890
64442
78175
56570
37104
57155
10441
60586
63767
34058
54970
27037
10540
61719
64779
7836
36361
56291
6702
85343
78217
36179
30984
24445
69170
38932
27205
55623
12735
34687
62368
75787
72506
46693
75769
37354
61911
54065
14461
26828
25173
45191
13673
16529
34429
85168
17466
69626
80034
42516
77022
44203
2124
28743
2130
11030
340
61796
10795
30435
71953
69624
33704
62118
67047
6966
18865
39973
55486
34127
45641
80655
18903
84939
17499
48124
35097
39342
82857
67511
44891
54432
59295
17185
52522
52659
81778
37477
9576
65981
22043
82027
55478
75532
85986
58544
33334
49873
24994
48455
47064
46863
58344
9163
59768
55330
85219
13915
72499
32166
74955
37460
70672
63964
27958
56565
27816
65328
55511
52335
9442
4199
80752
16361
86368
7568
32277
1458
30275
8404
32914
13725
39406
4686
9968
19088
42461
23680
26188
37139
19231
43866
32097
47181
33797
30494
63797
84481
53621
87460
69620
76151
29604
17906
23498
74285
57333
34775
74009
14418
11712
56268
33929
75704
16976
20402
68519
7174
34986
34889
8502
65925
36955
14460
29067
22031
65593
81739
21456
5229
54241
69640
68285
11092
67281
34635
63363
10270
87372
32256
26470
65073
43224
66389
2788
76525
75087
14911
78948
47138
72595
87294
15938
172
54825
73052
40214
28594
63635
62150
54927
74862
24453
55237
34310
10564
44726
77499
14655
87572
74465
34106
68066
50284
38177
84086
52072
41716
43103
28091
82967
35408
3728
528
60265
73953
30530
43553
14896
85857
56670
75137
29776
38956
14979
56422
37716
71363
28299
72648
14882
75244
80675
18778
66460
44665
55722
847
36146
36633
19183
60500
74882
70305
65708
68915
40903
39032
9525
50906
87597
40666
29140
32656
18933
65006
12199
83373
23686
11555
73190
72763
41804
23489
47251
36634
87146
14923
63812
8188
15205
31751
45862
46281
37044
26111
17536
18112
85711
85004
44100
28415
4416
38511
86750
25723
31325
12563
78006
76514
19743
12428
2683
30855
55520
12650
53950
77001
6652
40431
29503
83766
63273
31522
83233
81502
41445
4027
44857
8527
1014
51188
23709
615
16399
50326
63818
61283
11534
72855
11491
87482
77121
15738
76953
76286
85375
57509
47873
66278
56802
54435
74395
46162
6866
3791
55472
81894
32761
77341
27109
70062
5139
62110
32172
63022
74526
38982
2474
62903
83456
17165
52751
11390
11923
32461
60528
32306
86075
22796
33769
12465
48733
9287
3749
82185
34928
57012
28486
20880
26106
32872
29526
14312
79385
20782
65693
69536
20368
73934
66516
54796
73478
29996
12933
66050
23227
69555
21986
82275
1372
64315
44575
35640
39705
21412
15747
70727
60531
69446
66286
4836
47248
3436
66650
142
44579
83822
31000
59631
22168
60813
76025
5563
4735
18053
20210
6400
4466
81394
32160
5751
45806
37211
69297
63034
9574
35652
22091
38731
23309
11318
56962
87668
5569
44759
29602
5868
73117
34823
50793
85422
19481
46993
30867
23864
38223
40015
80696
75490
85788
58478
1809
30327
77460
9354
49144
33501
50285
9826
1370
82372
8616
30847
63041
15432
68902
50749
50205
64014
78657
39157
52208
9173
24708
37502
82121
34670
73401
49647
21414
59894
2800
70983
37449
15107
43427
12970
54021
44002
63448
7295
83326
78816
53660
71428
41359
84790
40252
42853
43062
81308
34284
24475
7032
19181
3776
84889
73141
5837
37303
82980
64089
43932
75652
31935
17524
81467
51288
54865
358
36082
70252
56083
5177
32452
40239
9224
66288
81974
13078
18749
16832
74561
5821
6382
19849
64673
30103
77042
62531
14460
66597
86359
56982
66068
54027
47921
69252
78747
11685
74273
75840
75119
60751
32099
31968
25495
1234
13596
51958
5291
36401
70815
25179
78749
83427
79034
5216
73959
8606
73141
61231
34613
76671
31800
65800
83341
85947
3161
14809
55082
35503
80559
83456
83631
69685
34216
75992
6144
67866
21147
78033
78709
33204
19743
9845
61307
25521
30799
3159
64790
11949
66974
34600
72626
17745
31975
23084
43589
20627
47981
80269
10293
6356
87311
16292
41088
71914
74295
40265
15511
84890
1125
57336
57575
9078
78901
40749
85218
81035
58260
3911
21741
65354
74546
84536
61529
26777
64776
9838
70690
53802
47998
50773
74721
48782
75502
49571
75657
32449
79379
29221
64529
51283
68898
46280
64683
53526
20888
21603
58588
82242
26370
24751
76722
24640
80615
8249
68907
30711
40021
19827
11765
78612
55499
64885
43258
61299
38576
21871
82869
28477
22641
32598
83127
42026
56891
36182
38964
29759
67500
74226
4722
63143
23393
25987
58568
82755
8416
73342
2552
81185
28299
68261
50480
42140
57850
87103
7798
21902
61371
38585
10181
23741
75472
44250
64466
69411
61643
24035
25242
48159
21327
32694
17985
73701
35356
50944
84890
15742
50394
75278
79431
44797
11000
59029
47664
23646
37041
56506
27595
32566
13900
84013
86958
58644
87551
66462
28917
45075
68615
19570
37791
77278
86192
21728
1617
8216
50167
1370
63119
52123
43604
10757
47351
55655
9042
78056
49433
38536
39727
87488
73651
2061
25928
41753
69868
38637
70729
20738
22531
52643
35695
41058
49678
46457
24778
31873
63051
56076
25946
61394
72649
25045
61910
35745
64288
36459
30348
83569
36312
36251
61354
64695
72515
91
14091
49426
7666
2980
31073
77389
949
81631
14983
63087
70743
11565
2609
73751
15193
30278
39529
66258
82904
23305
79271
70203
50693
54991
60845
12988
72094
57418
5350
41381
46534
43796
71292
29796
84078
18450
78000
70361
9543
63104
24031
5216
32709
3573
69885
16171
64151
67118
7582
20874
20101
31235
55309
31176
12940
4839
63806
42163
14607
626
85499
72983
70012
85087
52075
6487
58690
9325
73731
77059
83478
60669
10535
8043
18655
80560
17002
40633
36362
51090
68726
19820
83182
5394
80425
2373
15861
18723
32465
83480
80111
51437
24223
81103
65069
25109
69008
71820
71747
16422
78524
29955
66823
52407
22339
31393
1763
47962
65603
81207
83167
63968
81223
59223
23372
22440
75540
69886
67852
50248
64374
8379
85956
70400
29758
82349
59485
38564
6799
31532
68244
33256
59344
3771
83547
69199
61598
81286
42599
31769
7179
29338
66875
60345
41913
63778
17055
85745
79895
44433
62000
14497
38034
44186
78023
75731
41092
1400
56726
13526
44828
18341
13884
27558
50172
67364
23331
28954
19775
29974
70376
20947
86859
23540
59634
44488
16941
84206
37424
25849
5447
36337
20597
39257
40195
3797
34047
2414
61938
75159
30840
79558
73476
37091
47362
5910
52261
67938
83941
45087
47500
2637
85337
14473
12967
42026
18531
23418
24132
43628
86412
51593
26106
58037
77387
84201
64466
64494
56017
84999
10466
72845
79389
70139
85032
8188
81182
9994
59766
37602
44456
9745
82505
56871
15922
17905
4648
8410
62038
73250
67398
50223
84707
31678
81554
44579
6189
8013
19156
71492
78125
21649
72474
51400
25898
26913
80311
68258
6657
86949
77443
84222
48994
59980
81283
83805
52887
70870
63186
5644
15882
68370
56507
61176
2167
14187
26378
71627
24530
19602
11526
86941
12085
53194
73076
81728
81723
49962
77013
68927
32566
40465
67751
2531
67176
51498
34698
85436
18198
63308
62648
15787
27503
25036
65350
54831
14036
17682
18669
22841
10097
36308
50244
82614
67587
76374
79185
86513
62309
19288
19508
62804
76238
8193
27575
21801
69280
86677
24370
63380
67647
45628
19230
38230
76202
76248
55412
9501
43280
53092
79518
41377
18921
38659
32057
39230
3242
46522
68635
72445
15395
63063
45142
33249
57440
70144
23618
83441
469
76347
54340
83537
13272
60095
29453
87351
62008
71285
83451
67091
63545
9765
20257
19075
70978
17701
60690
62275
61982
15539
30865
77474
13198
27755
71028
367
28497
21622
15900
13565
2736
8717
42239
75678
34750
11265
23376
51377
49723
12700
37725
18552
27473
78945
63146
79815
64776
40711
63967
83177
25560
30784
17017
1370
84014
41036
72543
83885
10101
15117
83897
7728
78936
77163
67078
4753
36033
35137
17367
44318
41905
68388
74702
43077
13095
55325
79943
87356
74050
21388
70371
8817
62672
70599
83903
58381
26342
13078
17499
34681
75967
71692
56078
59166
66958
41550
39192
11118
17161
21419
15980
54683
83484
14704
1512
75348
22173
65311
85590
43234
73086
50104
34347
31110
26298
49832
71454
71502
31737
31196
23237
55908
48156
25013
82191
53023
7667
48407
9534
26107
72988
1039
54462
7110
33996
17523
6666
42154
30214
32447
75392
88
29704
27259
50799
66802
87625
81914
29976
50812
25046
62724
68303
50923
25707
73863
50735
24304
11168
34287
21235
44115
28670
59647
7694
4205
48743
69417
60483
50767
48084
54094
58585
23516
3601
8846
53105
12827
59776
69712
29750
12303
9415
25456
8872
76348
57045
22765
37536
30839
59011
20220
5355
12768
45700
12510
46309
77366
60890
32998
76403
45768
58765
17761
63619
20437
22332
12145
22284
85463
39825
27336
51818
68802
49436
59321
87346
63039
52213
23991
37815
75698
22282
66825
35213
28976
51916
49883
45961
77892
77045
1812
41066
2924
63948
72323
454
66111
31474
84625
59563
77146
73747
16202
83414
49652
61917
65823
82080
21451
33238
72228
54195
23930
52666
41522
72731
72577
21996
24175
12376
4938
65919
23406
36124
12371
50736
79868
33126
74174
21032
50696
73452
78281
56262
62818
66020
22000
60515
24692
54974
9672
32938
19810
34793
27269
50734
87019
63193
66034
13310
39322
83491
75526
46014
19798
62488
81769
53026
18714
45687
68691
30125
86314
83539
32048
82412
40239
30976
36190
51002
66436
44365
85335
13734
62804
76878
25754
26826
63207
15331
72056
22421
87723
86744
56700
65806
49872
47780
352
85185
25830
60172
80632
56266
52411
37792
64417
58699
79676
16628
69440
80167
17023
48725
39727
19015
58931
1936
20320
37283
55770
26394
38464
15782
54130
70931
56338
55646
39424
11978
60268
27760
48048
34892
82546
49363
85174
70586
38599
31197
64079
78530
86822
75558
62586
65855
2504
50316
56376
12574
23137
63721
21733
4524
34836
14487
55951
66410
41226
49248
77113
30494
76402
28304
44887
22330
15153
5074
64941
67722
63650
12467
59075
57988
86496
8310
17159
17389
3970
1828
37457
25448
54874
47012
82735
20372
2317
44335
15873
54947
10032
84463
53871
77947
26814
201
24419
48552
27422
36776
79085
72638
75744
61470
16631
80851
27472
4881
12469
78000
21248
18393
85198
55364
44193
67722
51491
80105
63339
1266
65273
71649
84369
65673
45811
87150
4760
5433
847
47163
75752
73685
76394
46103
34019
73784
57167
7234
67041
1176
56918
23552
69360
34735
26867
72393
65467
59802
81779
2922
10323
71609
49593
82837
18877
69998
11975
78961
43017
14441
60567
59160
27237
69218
38747
47893
85567
52953
53976
35113
57661
21650
42344
33974
23829
85021
28616
53111
22601
26149
77536
61683
57845
26472
64290
3076
55497
75731
76578
13844
17164
16471
8253
62484
87422
1967
64491
19367
43661
67112
77165
3446
55061
79456
29802
53514
23339
38463
49287
34552
52995
29224
47803
84322
30646
60469
52877
52213
85467
26773
62278
73029
29159
27526
51429
63416
49143
45914
61961
20789
36080
20162
62717
45346
17937
39755
17998
81808
6980
49853
33944
12620
37236
56409
56259
43220
9623
9289
78663
38451
4316
35626
63586
33343
49891
3277
19195
10322
48002
9155
84584
29869
86112
42117
43106
75157
47909
69400
44586
18642
52121
22803
41970
20472
2456
75667
64485
54058
80238
11082
9713
25921
46910
4105
57235
1916
53626
61792
9904
56470
74872
29041
50522
29407
42080
74465
35888
82925
23889
17962
69133
46124
53671
30044
35090
13685
77268
47995
29887
83287
44
25052
16414
85741
45153
75021
87342
53515
54229
68778
34280
60936
15194
54491
19571
62836
36566
8906
55784
35972
44240
68127
29804
38663
69788
86073
59860
56886
73029
20750
78128
49365
10585
22512
23123
37236
82954
23136
37633
56687
40397
4400
28015
39787
58988
40954
64963
68540
54612
67171
56674
54550
10340
50409
82570
70541
25239
34419
46739
21046
47920
45266
63054
83625
85075
17248
82004
76200
24503
10726
86312
82545
77853
71144
59106
74497
62884
40718
12083
1746
24273
4363
7152
87752
78988
46024
8365
19435
70691
4110
22618
7083
56609
28939
73247
84654
15
74249
73907
71710
72180
80051
1677
35654
8085
45965
4695
14876
1348
65990
85638
48594
74750
83891
75125
59942
36322
61199
50560
41157
9651
32689
19505
52560
16712
1059
22642
46547
80703
10723
86013
40430
73566
21093
27039
59988
48408
69879
675
13546
3758
74726
35237
45224
56265
29423
72629
51773
35325
57563
15860
78997
81550
26785
34977
44769
33752
41715
55770
5521
5574
24934
39758
46582
61007
79527
83526
50961
33605
76618
24130
41088
60048
66203
48327
56334
48348
20350
27181
18697
18226
53618
7122
40012
75301
57221
55090
51303
9396
3957
44766
39115
65044
21087
75988
39114
10714
71799
55979
87386
11614
66861
4615
58433
64434
68882
26971
10792
28600
21188
53575
70603
20457
81037
80795
45521
68004
69
29378
17722
33803
58375
38737
27296
76899
83020
28716
10912
19287
84643
63040
86316
65131
34513
68317
87481
8898
39427
29692
83486
39843
40798
38119
59108
33474
69433
19769
13936
12139
16211
2216
73075
73748
6564
18725
12106
75526
47889
75054
87629
4116
81674
11623
32697
37555
84715
5947
40851
25006
33040
6284
81202
12867
66642
57314
46534
71384
699
37610
37042
62721
15329
87500
49029
10113
21686
60181
85274
33767
30776
45855
57431
8636
6005
47798
39926
27790
66240
23758
81773
78542
84816
18185
64455
20745
79790
84649
80256
59177
33383
25632
54984
76980
39794
73319
44533
4745
86006
5693
15015
12230
78684
968
61901
68198
13245
46730
36938
9487
15919
40012
66080
50787
36397
21605
40623
38472
49285
50339
84900
25758
61337
71009
33899
68156
56625
66264
11784
84839
17411
41532
70304
77011
86389
14779
81236
37757
61391
67260
75680
16144
77529
71630
42535
471
38315
79089
58125
55292
15398
78228
12111
3526
9032
2222
55614
13264
38383
79088
76106
87783
25696
34318
43315
69951
32405
68342
52521
40087
43683
6781
32818
74358
32490
64008
87842
85081
13544
82241
27210
42088
60197
14851
29759
55850
10670
76169
30550
22291
7038
13920
27190
21537
2899
62018
11370
64560
30220
45305
38859
48482
4271
39162
31098
20
51254
51623
32131
78146
70769
9638
82458
66234
43318
11868
70048
45959
81753
83084
72680
42215
79463
87959
85953
69716
5553
72787
43718
35989
35465
68511
61212
73500
42516
47348
39885
6346
46402
55597
53106
86191
16346
82272
74173
40334
75790
68451
46483
80523
74289
40082
34660
69616
73059
17726
23827
78093
24280
26459
25008
32250
35964
29957
25700
86220
7751
59214
6975
21302
30209
29533
1338
38355
330
64088
33045
34389
69410
32219
41599
76737
6349
29834
61011
58291
21797
64098
3763
75848
70630
45424
29559
69243
15753
35461
79478
16256
31030
86321
67343
72647
45087
15530
32315
49701
607
3897
56360
4307
33332
61078
36990
62327
55827
40053
10272
66676
66787
72460
27895
42447
62770
57380
48354
75547
17515
3586
8512
12582
62969
6466
4579
77267
14885
43392
50170
36788
31153
28241
39953
53484
78242
78066
70224
60329
43950
11472
64640
87127
34181
25207
78445
57098
38718
5147
41647
41337
31467
44827
35489
7934
49123
28406
67552
55806
37331
71624
72106
37079
63643
66045
29942
71882
79706
62742
28200
30849
86938
55143
64545
25262
25907
56925
24759
18613
41343
22976
57922
57318
46115
10483
26831
12039
61882
78008
54407
45208
41293
52209
86162
51516
46608
58317
84
60101
14540
33535
72427
19578
29171
62223
48692
62921
63217
58685
37687
19325
52669
42376
59900
36401
72557
76647
86454
72591
80986
41050
80410
70360
43398
47758
42197
78211
56418
87518
25572
39441
76645
39854
3138
26939
58648
12176
70719
74814
64946
42804
25090
56595
66464
13002
20291
41781
56981
63090
75501
9979
87197
17116
78942
77652
87306
12794
23233
41373
75441
4574
44334
29276
43651
63916
79323
27082
59391
19193
86916
52625
80314
2301
82347
25153
48423
52108
48204
63278
7480
47601
13835
18189
71274
73214
66862
65443
23872
48816
76788
58066
55022
1641
48413
87825
32646
45180
62376
19814
6568
35354
24658
84659
80319
42554
39149
18182
16317
82979
76096
26804
2573
58715
67861
52259
16979
61392
55249
56688
35800
71929
84090
85862
62310
38727
45392
37536
35922
53266
26558
43462
19614
74682
45334
86964
86728
53668
31107
39469
32164
36459
53469
4681
86508
44624
37144
10430
79203
68589
20280
17239
7369
44429
23934
78717
43782
87499
63341
80702
56894
57681
49700
80691
45871
85511
81053
46622
76140
29477
46291
13452
17158
9002
63390
50999
17390
76187
10179
42184
37524
84543
25911
61016
37321
64952
64605
73459
54871
73173
28331
48939
5011
12897
11464
9236
37019
46389
3575
70366
57911
53824
31190
77089
78405
56353
52970
72994
7105
74662
32188
66012
1819
1371
25339
17581
74765
34040
47620
337
67986
4714
15746
33292
34896
75922
26070
70308
21717
48861
78135
62512
62100
15478
22866
33750
1330
60165
23620
63156
20040
53946
3221
28147
48264
66523
29869
82977
56238
58191
59786
60684
6988
45846
33639
25699
82949
76899
74831
42515
639
13438
11509
34101
20867
51040
42009
17282
35458
71793
84408
10173
63483
42597
32951
42822
11363
11940
34440
46860
86018
77141
75256
74415
36500
79981
24602
52058
59903
73898
24227
68534
38133
60690
69636
33478
3738
42256
22330
73067
15079
26667
16802
74546
45429
61756
69210
51658
34416
11649
81385
61783
38017
48612
5750
71025
14990
12789
18235
9739
57712
7326
1194
5531
25390
61566
16913
64489
73856
806
74688
86039
71861
47792
86597
53162
58093
64423
6517
75376
87717
57954
71507
51863
56708
40030
67433
46778
37921
58275
59711
83136
85102
53125
5524
796
49112
78004
70508
67699
63974
49080
72186
77285
40418
38683
8994
72258
74215
56866
47356
78612
31391
53191
60856
86999
77972
79690
35851
18773
33499
3459
11003
36390
34263
83875
65517
87983
64407
76633
60053
31193
65567
26605
26536
38634
79858
19538
3876
8353
61112
2014
28717
82121
1736
14783
33679
14594
43319
65592
8026
16487
9490
12371
77823
80760
47657
3240
20635
44623
54344
3969
83621
30185
23599
85159
4587
21567
85735
39453
78040
3439
72038
22501
2076
79671
58968
33618
25747
71344
79956
66381
61332
787
46535
19092
66271
5650
19041
48760
5499
11753
38046
65218
48691
28702
15989
6120
81377
63934
10453
24549
30776
78833
76641
6465
37464
6352
50410
75513
28496
54833
86124
73336
23024
46501
60592
37616
24457
11849
16738
82571
46765
82387
71921
72576
8162
5278
68081
71323
45420
3480
76142
57404
7994
12778
60847
8275
77693
84921
24794
61734
57889
4886
45544
66640
56392
60719
42215
54820
74217
32906
118
68920
8048
26454
80079
54539
34027
87343
6450
86019
71611
41395
32522
31874
59584
20110
61770
16500
76515
70874
86761
20483
16127
85353
80801
78125
26087
30074
45941
54619
26115
74490
86798
30541
11273
54670
28326
52793
47488
2774
19111
38595
32924
46465
70485
2947
31941
2886
26306
47996
57765
5459
13938
63898
11218
67315
19035
49541
50829
50916
42193
75145
16920
34942
26972
26839
59135
4783
39864
83325
50649
35967
87725
3778
62024
60331
63124
34737
37704
64649
22403
86097
17213
66152
62786
36060
52687
2465
69567
12949
47076
42287
13129
41877
71759
50924
17434
80614
73169
17927
31130
54664
25552
62740
31219
70941
9836
77575
44560
74414
15596
54062
2367
42388
44301
363
30979
74066
84236
62147
36847
68859
19455
57986
35214
10483
33553
52126
41455
48836
80999
41178
14542
22151
8115
35774
44641
78225
33770
63089
60810
20543
59064
53167
85595
51428
48623
32382
55378
35973
17952
21285
54733
3436
68145
6619
54146
15177
67675
28937
65287
52513
7365
9650
64737
37669
24334
51917
51378
75495
56179
52646
82860
22985
54880
64841
44166
39761
40360
53447
56328
28037
33025
64352
39815
29014
42714
76144
84029
49550
82164
42549
37819
493
57973
82652
21443
367
68260
32213
51363
80483
36938
58067
898
64142
76539
78828
34049
14727
10865
70976
66882
39748
342
8722
70197
64913
70363
36042
63705
46834
63128
5545
42956
30336
22560
27957
74785
60656
84656
28642
12461
68844
42375
63377
55188
37965
23782
69876
68256
82752
36758
21943
25741
15147
50318
14853
26993
5406
42558
79882
34917
68704
27620
64537
72270
40224
69648
30396
5037
10965
25198
80302
82095
78584
4129
46520
70660
83666
75997
56621
41255
44589
27998
80016
41068
52860
7688
32308
3216
16390
29594
53857
81210
64448
10622
75787
68831
40184
76844
20755
19953
24987
22619
46124
87821
34150
59407
30865
52755
10107
19651
37817
27154
74771
62415
24672
3480
30309
19432
37825
28535
72795
62402
82193
59381
2809
45352
87257
24204
68638
2584
72002
15216
57928
78070
42071
21234
37368
11753
34182
41352
79808
52880
10283
51300
9683
32956
77994
74454
42020
56951
79070
16791
44682
1946
35417
41720
22959
21276
13220
1017
6103
80147
37823
6011
79131
67268
57116
31582
24373
78025
44074
60966
62875
81328
78134
38386
60002
31326
35953
31371
18771
12263
71946
37884
11428
31867
25878
24247
33747
52121
69432
75309
16189
80960
17871
36569
26420
67825
4410
45856
78497
21167
70770
78250
39211
42515
29396
79860
69222
78926
22072
81215
53431
40579
47856
65367
4430
82690
36341
9032
6990
80457
56950
40127
17497
59232
82235
15518
11477
18528
4567
27149
7001
43668
80821
23771
25391
82970
38856
301
76418
23992
24100
42226
46803
74657
25248
7228
81284
60073
70190
13477
21073
71878
55355
35151
5784
50354
33833
53669
60325
20639
3735
53112
21099
46676
87008
49032
42470
30570
19056
38054
41351
43876
53360
78047
67883
55166
40755
5901
87706
30624
3704
79294
26078
71306
70433
61339
1763
47312
59790
49228
61699
12003
19799
22340
21649
78154
14250
3774
22716
45100
49367
20101
78491
82629
82958
74683
47150
58125
70072
15356
62808
40854
38172
81861
27500
8645
25091
63749
7055
69253
77740
59168
72085
47098
21605
33989
19468
43102
42830
53252
84621
35698
18078
25054
55965
57894
34948
14772
27785
83482
85882
62392
60971
23765
34430
3112
68682
63940
50506
83908
31366
27827
72075
53811
67287
76712
35555
81488
57096
65680
52037
76584
62330
27246
77474
7926
29042
54649
19484
85208
38760
57610
62969
81998
29246
68594
15016
24709
12515
28285
22427
45770
44909
56504
66719
74604
63937
8204
64563
74344
75371
72013
85438
49947
41794
30180
83563
83729
7632
26106
45111
77370
9387
54755
49159
10079
66002
34728
78673
51886
73427
21589
5109
69523
62857
54092
85442
25958
25347
80930
15585
77439
61656
87635
83656
47896
61628
37470
84441
50615
36035
38830
77826
68340
5563
86499
74395
84850
18349
78386
62014
61185
58949
21045
69743
26489
63181
77836
64502
47999
26901
49208
68876
40737
51297
69447
60074
32885
18289
6156
19304
57469
17932
69512
85447
72024
7594
82393
8902
5041
67074
79910
64135
3389
51584
41069
84107
81195
23187
36025
75555
77627
42443
63874
26028
81885
45963
58614
31508
20257
84377
30116
67736
9614
22582
40569
6933
84218
73186
35000
28000
69152
59263
69242
65677
73128
35964
19698
13945
73404
71328
36235
32974
42346
42935
38885
83532
61697
49111
46227
54504
71212
53207
65621
20682
4022
70506
34819
67350
18986
39401
53486
86345
39343
27945
74594
37465
12908
25655
25322
45073
69911
69552
61541
72130
3994
30847
58286
75246
20645
16268
9105
65734
85852
3703
59871
24433
23457
38372
44392
32199
58882
81451
12133
63951
66619
52270
67214
10563
77497
75836
69769
25511
27050
65911
44541
11245
28716
84263
57513
50310
2486
39221
49841
22138
13051
50092
77932
62754
3094
73057
76037
79893
8636
51237
53581
47886
43044
21297
39814
83694
21099
21318
8576
87080
60914
60471
20730
84552
11350
9707
87249
66183
67214
24411
26673
71678
84879
24050
35059
23157
4822
12894
2783
59702
45982
12776
18773
58839
9659
62135
78409
26288
8263
34274
69336
29263
66229
70078
38007
80566
87462
72716
56926
20248
58710
55955
22416
74293
56533
71092
79372
31920
20427
47782
59288
10387
44554
82098
18232
35945
14803
33267
13563
27142
12812
25513
69850
45334
65842
51274
78268
22362
50358
85047
42867
66692
80571
85322
72968
86479
5492
58314
50337
86095
40888
18760
14208
23756
60550
60538
84502
24688
1769
53556
65081
66253
50344
75259
79967
84806
62125
17433
65891
24797
48731
16493
27530
65384
49075
26590
71107
61602
1043
66503
52882
7615
53511
33596
28462
21409
59024
66375
77492
10494
43475
44669
9506
44547
20554
51202
85234
74911
70395
54086
64594
8246
51772
69739
27628
33858
32518
13269
23673
2239
72713
848
51766
8188
24891
11852
31760
11672
77963
52559
10963
61356
19114
11902
40571
24378
27263
18046
21822
18709
12399
25573
70301
80663
67656
23971
63463
66886
11181
15528
77191
24854
61803
72309
23858
3676
19844
37361
71012
49163
63618
21659
81726
21220
22614
48705
58289
36241
63415
74507
12050
16329
56414
11564
22941
86772
35075
36584
13520
52164
20738
4526
694
22178
17888
3993
64813
64225
32277
80490
21747
81994
41017
29657
87359
61352
50089
32934
55590
83465
74644
23319
70915
24165
10084
13489
18659
25590
16436
13393
60496
46533
37042
18964
1183
8306
41890
3931
15085
65140
55692
18745
2636
42339
63819
66782
8824
43276
73092
20006
6034
9642
75469
85664
68747
73733
60420
27767
66919
50791
75475
9740
18544
65745
35082
80329
79496
67888
48730
44076
46685
19454
68812
28903
2188
57349
2432
609
28372
45488
31734
37128
41823
27291
58181
79148
85300
63720
29261
74093
30901
77834
85673
32342
47946
68602
86058
61063
20504
63404
22758
81037
49595
44134
63527
25272
61177
65519
25462
21383
76682
19229
86480
63552
33168
9496
85993
45023
39692
43877
11396
61311
65614
21185
32411
69998
50641
4952
54657
51346
42290
45687
71479
81792
57607
47112
86542
24127
34965
67404
60854
32929
76040
55897
33526
4198
86936
15692
69050
38033
30312
8251
47503
31611
76806
85833
56500
40883
56030
43598
81161
83430
17863
69145
21392
75397
47629
51877
36493
13805
65071
42323
79769
25037
63527
75509
18111
76305
81721
49283
75121
75134
53414
70153
52203
4598
13667
25182
49557
27934
71468
4096
84961
64704
18232
27156
87994
1660
69699
84996
70675
71865
47103
9455
33901
54333
49936
64438
62024
58587
67027
57486
81933
57539
51447
69219
75902
48010
39424
37447
6779
15090
4084
30997
1684
14739
74641
68082
5842
71686
30144
11890
87188
73194
17020
82603
62971
27175
75358
75754
59406
21856
21256
26384
71320
15259
86763
45631
16497
84538
14181
7306
27775
70654
48962
86534
44714
36767
74135
67224
45553
84070
24326
2051
87220
70211
87200
63489
48727
46710
6650
20574
72570
71331
37279
349
34633
40138
72387
62978
19264
24574
21642
9553
58743
58298
80761
4128
9921
37862
73545
63775
45314
80303
83396
72556
74957
69843
42024
1607
48388
18649
8270
79836
76751
67522
66804
61885
11542
5073
41484
75287
76607
82738
47988
3732
37682
53544
34319
36271
58860
61154
79185
38573
46361
86931
16404
87127
26995
69996
50270
84791
354
29895
83881
32418
76079
16385
42667
54468
80645
58655
3115
1114
4517
62303
18368
3352
61655
35368
58940
5190
26768
23923
25149
32951
4390
61950
68342
16152
24680
4050
29382
24280
70528
12250
42273
46084
3932
5111
54064
51332
70555
66406
58829
65697
40674
11660
83264
1100
6094
16936
23325
68259
9992
29674
49641
59264
61315
36844
6877
15195
71449
77949
34308
4908
52944
1497
80803
69952
35229
24753
45307
46823
44773
13587
64305
84401
54364
48970
81157
70510
49574
6031
72538
71596
71156
15453
65809
45277
14021
55969
51333
22309
55896
82516
23793
42257
42205
16589
22684
51991
40931
33798
42457
27031
32756
27441
87668
33544
62381
77942
87990
69884
68349
59164
25027
55385
84649
66782
70804
14460
29117
51470
13748
68759
36121
23979
33377
28137
41219
69545
75921
54525
14582
57617
64347
47694
53434
31523
81203
45866
61788
8753
83302
73203
10851
292
73329
583
83077
39266
84932
78912
27392
62096
63819
79788
85862
10312
20952
65525
84401
36132
46155
28702
20910
84435
68068
39183
82859
74680
64809
24043
48513
77597
75460
61513
30804
31457
65475
72793
53681
54560
16817
21861
74408
56603
87926
17405
1245
17476
22255
85702
28844
66186
10549
37591
77306
84954
64288
57976
66020
79085
76531
49198
37832
55548
3822
7545
25097
48232
80160
75259
29436
84850
40167
23865
45825
39935
13107
13521
66314
55825
17971
59950
6404
14098
66522
41553
11660
11430
85630
4251
33965
44177
45574
60701
54524
61443
75441
39715
48944
47910
82080
54632
29126
27087
69256
3384
78230
13779
26764
44202
5295
87354
29388
75578
44150
1833
546
7785
39104
30136
78222
14549
4770
36234
51339
70898
81365
20320
8439
33325
76063
33148
8797
48435
65491
20455
47509
28792
54233
53019
30402
5759
50499
78867
65608
48591
77205
74555
44519
81441
66820
30767
3021
30674
14479
15624
27739
41502
25678
27586
16877
80967
33960
407
77125
61403
4830
39929
83265
83335
87065
22978
53408
8527
12129
34864
87019
12393
23459
41024
61883
50285
15087
43622
5658
71523
73271
47644
19246
12476
42559
25994
17646
16262
27613
10520
35912
47706
2741
82436
34495
62588
22416
3724
40621
23747
81870
54892
32054
64324
15712
47119
33668
23450
63739
28418
47553
45430
12963
63171
8761
51975
87451
19333
80760
30944
20079
47891
21624
33906
57647
53479
32013
21914
70690
46145
61938
85468
80896
75276
9425
2803
17527
59020
27538
80718
1245
17610
31889
78104
72427
42992
45411
50854
78034
23262
43589
22572
32733
14488
73291
70318
41147
55173
20140
81627
27625
9957
47140
74832
53698
74005
73906
32623
48207
21877
75678
8557
55023
42089
9681
18673
53594
42622
27044
12736
49664
63028
70513
27056
5103
80707
63732
81915
69082
14700
16175
86571
57836
79328
26450
13225
26396
81581
71793
13103
10033
7109
82969
39106
73574
2710
18333
13662
4350
87499
68692
50710
17069
40733
40488
56610
36334
24370
22969
52459
51832
68608
31040
12765
59679
9714
9121
38116
73717
72288
7669
79391
13285
70054
2857
14817
83132
6340
2271
54978
55603
57888
51244
78197
80417
20376
64774
37531
61212
13437
12481
10743
65263
85791
75078
14280
46308
4612
85896
12668
85842
66302
49839
68884
71923
57565
71168
48485
29461
43424
58087
51941
19382
41199
66367
40790
69373
12376
6091
75043
84973
85732
19971
12945
46469
40692
48737
74281
66404
76746
15602
24042
74666
59626
47527
76404
43042
87985
38468
33828
6298
21676
76731
60728
70258
5153
75690
18204
1206
32110
71871
46331
69140
4273
12234
66832
71997
46515
44327
49230
12099
27166
32546
14094
40316
17835
66505
66134
47880
43444
31092
79792
71835
79343
49217
10485
57108
79288
63682
5924
47252
59846
27150
16343
12505
55571
39142
4973
22467
81170
56278
5273
12204
86553
49079
66142
24646
10171
60544
2557
53471
25171
8965
61649
78148
49771
32318
66430
48814
77798
38842
19758
16477
37332
84193
79575
55520
5975
33374
25305
86708
22108
12337
78608
33564
23709
19143
76278
3227
61835
64887
42945
707
64503
25019
36771
55609
67200
37587
12455
30960
40587
41982
1630
83927
31899
25109
13971
42704
46962
3564
76194
18528
55354
80546
22020
1737
50913
85701
87832
74089
66362
31890
65949
54334
41699
35087
30563
41509
6238
57195
9710
55097
47525
32507
74146
38952
27983
4000
46030
41259
85896
32148
53241
87413
12651
44547
77287
23502
1626
78189
31521
41561
15404
7035
81341
84262
9254
28621
41968
16682
54481
30003
74431
75144
62753
52809
74378
8707
24234
37470
45349
34153
44791
48339
22654
37486
58570
50261
30955
52187
71176
22736
24419
6442
31006
27614
20680
1960
74776
86624
76338
7494
7979
83797
67495
62821
73687
79655
79758
26929
12855
49486
4651
12098
42985
29043
41652
77890
40798
35847
40565
29124
52066
5238
17756
62183
71962
25571
75900
22946
83080
20238
44888
57524
10939
52953
25293
30053
39698
77721
60628
9531
18608
41211
49907
31405
19801
36707
78927
57926
49097
31578
5812
32962
712
27969
56102
67820
24097
3294
58994
69416
58967
29597
74165
52215
44300
85595
85038
12122
630
54449
54799
84508
29028
41550
33998
63600
21636
74597
4136
32620
44724
26192
62982
5850
841
30958
71812
70284
67781
55307
25614
18358
36755
58203
76584
24045
55390
25677
4512
12501
8470
66599
27601
54418
84123
38132
43715
29756
42476
48660
70281
27051
46910
25393
79939
30733
66487
39576
40912
34516
2618
15634
3004
8015
69416
69762
39212
38735
30439
47504
15704
66312
4141
76989
43216
45395
49930
72364
59637
43727
34809
69701
60286
785
44174
21726
79062
45614
13636
55863
53868
28941
80320
15547
47782
9646
11817
76674
37423
32544
24296
59984
55348
70042
14129
62995
25984
4554
6283
85928
62380
64643
86221
27652
14090
76337
55911
4224
12413
75538
83678
54780
118
35744
57091
48032
14520
84632
33860
40967
75441
42370
4372
87625
83518
49058
20830
65554
74423
36596
65164
11052
34733
36569
19275
62355
72738
75682
72750
22782
66748
6658
83105
16202
33410
64344
67883
48341
5521
33169
78122
77209
74638
47727
82951
49917
56980
27620
59316
74211
27546
26079
29013
64915
74752
12691
75167
36038
26445
58736
72393
4746
75131
87665
64644
63477
74288
17582
25502
82051
66973
14756
3180
58642
68081
77916
79976
71495
50170
13519
57338
26662
31779
19594
19071
34869
51201
61033
62688
23139
74144
15864
82057
82590
22545
41752
25727
235
84119
64082
51283
47005
24691
86866
27319
64520
42751
77308
3527
50657
65584
28865
68263
3699
10277
4721
43017
85333
25330
4243
66504
32741
27000
34812
1975
59313
40028
17183
13610
52413
10964
64325
10294
12415
62694
48010
55588
18621
23262
34465
65508
43007
74858
54892
33167
58086
78897
13730
73163
1271
21199
9203
58129
7936
31482
34433
14100
21271
23830
16996
47083
31187
43743
73340
17531
26297
80943
11719
85781
57818
22744
15032
64512
77220
46637
86983
31697
22387
26329
53294
38915
41938
22096
57356
72225
84339
26646
82021
54337
44262
70398
52331
32625
32876
34556
73996
43662
49422
44068
28787
28560
19164
9249
62131
44356
86206
69570
62870
48914
22983
76039
44906
84968
44261
54152
26492
427
34203
55584
83908
37650
72804
75431
51103
6345
10142
36350
37764
87439
38184
70788
17799
80489
22501
39275
44593
28160
33330
49614
35042
59956
24570
10397
71772
46485
51671
78649
86350
723
46645
52905
59017
57018
46862
39699
16143
192
76094
71951
84675
50492
15465
81572
12508
4875
18966
16654
76825
41682
66294
52101
24078
49478
2158
3142
77233
69955
74583
28849
65113
54725
58349
22795
67211
86168
31486
796
65828
66040
4219
25116
23092
26248
47312
68457
27274
60431
61244
51243
18086
29534
49198
80744
17185
23617
9174
30672
79009
1777
15412
13949
73755
9924
83143
65317
8720
30941
14734
43852
16307
70622
87905
70768
57475
59105
6204
3016
85854
82463
65243
12290
69907
21607
83458
7158
87891
30540
25979
29801
81746
27849
13526
12106
78014
18545
44258
24117
71801
2672
498
51179
14759
86652
55473
30074
4682
13615
31184
65978
20529
8840
60340
31390
86144
72320
13260
75901
47808
37634
26430
4397
57143
49462
43045
65521
14609
57427
22384
18805
62594
36181
25213
56999
62819
8598
7996
61811
63992
8698
45779
56898
10538
77604
15743
27065
80574
46032
83679
59159
82910
26562
32250
43949
43568
55673
37117
11635
13495
17469
20739
33634
42077
12569
21915
80375
34607
40850
57924
78999
52637
35903
57030
63588
61293
21344
31401
4926
84545
53577
31750
22979
24611
56532
63069
64520
55479
34063
58390
20022
80020
52946
12947
48875
54755
12776
41194
10275
24842
13090
85784
151253
121876
153890
98466
95122
109722
109641
171306
107880
111781
129977
175217
140663
110754
154389
136235
129235
151736
100696
91307
149222
138094
147490
91791
102262
164009
132667
136554
89737
137654
167822
112365
95133
112934
136861
169327
156295
104178
114948
128307
151563
111268
95073
166221
173983
162746
164178
164277
119032
107581
150649
147800
165344
96858
158821
91774
154350
167698
145265
104688
145673
169068
135469
157688
132211
112467
105072
163276
142211
116759
137654
105858
138064
98075
125117
132621
94982
112809
135339
108681
167374
151912
151760
131896
109466
90099
100801
155046
106995
160377
145602
117636
131681
153328
161460
145860
101206
110082
93066
122925
173197
102227
88574
90625
146458
165597
170306
120019
123919
108383
130663
101817
103917
129470
129234
123637
100675
164577
113601
153650
133210
143754
152511
123802
112079
161090
155402
143940
135081
120745
106600
100649
175663
104884
141837
89142
107340
130406
148118
133031
110906
118624
149214
121270
156805
145124
175438
113523
149932
161887
163051
175932
102432
134486
90435
139650
162493
107188
154569
163023
103303
124501
125872
144398
117552
110406
129710
150162
168035
146033
120735
158398
90862
91368
138692
107072
168803
101746
173301
88229
156672
160904
152296
114931
119444
128599
148555
108321
144322
158239
145190
145435
91235
130532
97477
135594
107196
89887
174590
116257
136315
114480
121701
113955
160307
139991
106072
140724
120858
89878
127234
95907
163725
170647
160226
120395
143593
116973
139272
143179
128618
90251
90261
102377
132402
131168
101940
105877
91985
153553
113885
174846
166069
98410
144709
160175
130529
161585
115562
122773
103073
171410
111844
159722
98154
134411
147435
101743
118085
169152
94149
174305
173056
136094
143267
160758
127714
153058
138509
135496
138587
128102
100650
172391
136848
154573
104207
122288
166677
124492
173089
91614
111722
171017
151765
175973
94418
115069
143080
100688
96555
138320
122286
172310
109834
140411
116772
160922
113419
88454
152124
91909
132033
155709
132968
147282
157358
121152
145548
105852
145411
162261
103562
94500
100339
97430
104524
110811
117353
142423
177316
178292
238905
240200
179152
249729
196026
206564
195498
205326
202680
250678
261722
181304
177748
244607
223113
230302
182667
187279
216136
242735
191212
199458
188758
222278
199140
228807
179987
240436
221768
257008
184889
177131
213104
186017
231594
244852
227979
236351
239130
260370
201448
262173
260837
234509
242698
204420
209180
256058
242289
177469
245860
199447
176152
185544
221276
231987
234540
225873
231953
191175
178894
228373
248584
207286
216521
226180
197086
211419
244966
228817
213403
181190
184068
193651
238923
229254
221445
257197
263988
214504
198488
241736
205418
263507
242194
207261
202911
253401
188506
256568
209372
218221
255982
263184
263403
186831
210868
212890
256994
190192
233747
250501
230513
181139
239685
191724
225102
180570
261854
259389
241365
184877
207776
257925
186858
201491
233158
185909
220241
208229
210040
245930
255650
200501
228732
200668
234120
190781
180333
186945
260760
203072
239550
216886
187324
209482
221873
211437
295370
283568
317080
325182
304068
278983
313234
335426
274069
317556
346663
304053
306477
325598
333059
301492
298792
279243
339702
280176
282868
319383
318997
325387
322361
335250
278676
316613
290725
301225
308632
294676
278699
335509
348660
321571
327669
283780
316618
326064
295361
341278
347658
308601
268691
273192
281489
289801
341730
283123
284851
309973
341629
302841
341269
322628
304297
285188
275382
314744
434698
416809
425587
386016
376505
375729
425992
364668
394046
406199
406354
420764
353942
425834
378809
386794
352667
373968
377379
367289
359782
423043
380600
383313
432418
390767
361918
408506
382348
379530
406013
352767
422635
422825
390331
390861
413773
357692
426339
410959
360999
380492
430396
413998
392563
416713
373614
372065
421020
388919
377899
383988
418597
395359
431047
359879
406829
389858
396410
399424
400364
434115
375658
417794
422618
363498
388202
423743
418559
393051
360832
422613
380473
363571
361136
406922
436365
394201
418857
359728
415091
358371
401627
384723
378728
412699
401033
373101
372920
372524
380256
357875
391703
418325
395936
389069
380840
436046
390708
409291
460630
522893
451494
520277
465953
455900
454318
462445
481038
512151
515663
441346
520402
487708
515465
450529
489706
527969
485726
465828
443879
461966
463726
475471
501955
447529
494999
503924
488907
518872
486484
503030
443475
462007
458895
483502
449410
480644
523182
467189
505042
477531
495319
478987
519041
464807
495577
514411
473260
505931
517286
486119
470653
447122
498713
511922
468449
481987
507124
474090
456501
468656
462436
488455
452619
524416
487455
488921
526632
503275
440427
447660
494221
486086
520555
475842
455128
466500
508198
503466
606691
586081
564595
576111
568507
583636
567030
587215
532658
538597
567148
539682
572490
608139
557707
569447
588053
580718
612045
556438
548065
562522
613023
551102
532931
607141
591033
582530
570423
531516
602462
561416
590518
572901
586380
588142
608332
590486
586366
573986
633704
652164
653743
656258
646406
631172
703098
654644
632021
675636
772429
704686
748094
752359
786035
742558
768572
790307
755071
781451
836980
863017
835296
865302
862163
846106
854688
829455
828402
814419
937926
943763
946181
918960
909553
964075
887287
963462
938226
945746
942665
894367
911610
887617
893043
909978
885363
960254
917816
946062
1024764
1017346
1048329
1041531
1021051
986736
995832
983873
1016242
1054308
1053356
993910
978852
1019737
1055418
1030987
981550
1037397
980713
969401
970726
1003630
1028583
982989
990360
1021254
1001809
1010514
1027962
1033694
1051542
1051972
1051592
1054234
1033281
1015134
1000835
979034
999076
986859
985090
974468
996065
993254
990707
992056
1041018
999066
1007378
971316
988671
1034988
982955
1017185
980007
1036061
1012764
971489
1012201
999816
997020
980561
1034278
1051099
1030690
969037
979418
1017731
1001906
1038782
1003947
1037542
974096
988840
974679
1028145
994943
1052433
975063
1025845
1036463
1009837
976729
1035334
1017253
1012462
1022914
1013177
1032642
977631
978060
995041
985710
968294
980914
989048
985579
1030674
1026090
1041541
1221224
1208726
1149223
1213774
1217383
1202621
1166964
1218218
1157789
1188644
1291114
1278340
1268361
1296141
1251946
1257443
1300877
1256514
1272023
1237750
1396048
1371929
1379182
1359318
1330055
1355511
1349683
1371503
1360427
1347430
1400349
1344450
1321827
1363712
1349053
1380665
1327576
1380054
1397279
1379337
1482462
1415184
1467518
1444170
1480235
1478541
1488068
1457758
1467514
1443243
1544367
1504383
1546063
1578536
1578576
1529343
1583888
1506616
1546674
1508776
1660586
1621537
1626384
1603332
1635883
1670895
1619025
1615706
1644849
1631695
1673424
1700347
1733758
1758796
1711814
1750977
1690016
1679268
1692320
1706886
1726951
1751983
1678074
1703295
1715871
1743497
1706835
1679824
1692511
1685543
1682241
1757169
1700196
1691913
1747568
1746606
1697104
1727640
1700918
1711775
1769177
1840247
1822350
1780743
1809959
1761425
1780994
1790619
1834687
1816120
1869492
1905082
1906563
1886225
1851846
1856093
1851313
1930259
1922905
1853551
1977329
1999512
1989675
1961440
2007476
2015015
2016704
2004352
1974778
1968461
1998009
2000639
1979531
1988122
2016991
1997164
1940365
2013081
2002411
2022970
2064591
2073954
2070205
2046038
2071237
2093145
2059908
2053777
2028186
2083327
2152587
2127292
2195095
2153739
2135352
2123057
2199369
2115915
2170043
2121513
2489480
2505421
2536005
2481294
2505322
2543264
2546303
2493237
2507429
2504829
2559664
2575037
2623064
2556670
2612679
2575874
2592765
2576604
2618266
2598913
2610740
2557123
2633244
2620490
2629473
2613406
2566507
2595864
2615911
2562737
2588282
2582077
2591241
2599753
2618707
2596656
2638252
2552893
2571138
2636903
2726155
2717354
2664502
2725558
2697306
2676726
2715020
2642932
2644934
2664078
2784341
2745976
2791769
2785478
2729534
2797138
2755494
2796652
2734980
2753719
2770859
2744593
2813659
2765749
2739725
2741573
2787022
2741343
2760314
2799934
2833912
2825316
2830179
2819655
2885960
2901672
2845400
2816669
2866819
2863579
2872896
2900613
2855472
2867116
2899021
2829159
2901760
2874862
2818527
2824593
2927622
2952863
2955111
2934135
2991990
2990692
2951597
2944568
2922341
2908640
2910064
2919821
2919326
2933003
2908287
2981038
2950160
2905260
2956534
2941859
2945602
2920705
2986348
2954193
2985960
2924457
2970113
2984017
2932919
2905829
3016067
3030623
2995842
3008983
2997052
3044701
3029090
3066757
3018329
3014918
3047325
3025676
3035784
3054191
3036808
3026719
3011508
3040436
3003107
3052709
3212436
3207231
3250426
3211725
3214897
3189133
3205407
3211580
3168010
3196643
3283698
3259348
3284070
3322037
3319015
3281739
3294002
3294322
3263339
3328668
3383735
3408964
3378353
3370768
3413331
3373822
3373929
3413040
3427160
3415096
3493196
3505064
3484422
3479117
3491795
3504980
3445898
3432735
3481577
3448754
3643221
3693428
3680215
3620460
3657163
3690075
3660366
3668309
3661424
3692502
3950701
3885602
3873531
3941024
3922863
3886311
3915818
3958739
3944744
3926130
4101035
4071962
4085160
4068066
4120686
4068036
4135395
4051807
4079214
4108030
4079372
4062511
4076275
4048582
4111752
4110808
4104148
4104074
4090508
4091529
4902473
4891357
4863309
4899970
4904436
4918387
4908992
4840403
4918032
4921327
4968585
5007010
4944550
5007531
4973497
4928485
5005613
4996209
4938587
4952517
5362133
5283913
5312775
5288487
5300113
5282346
5303453
5332480
5289263
5281805
5575724
5551675
5595247
5563124
5611741
5555274
5591754
5624808
5595639
5602209
5821000
5895389
5885832
5875043
5823069
5837415
5894654
5833312
5854822
5887999
5958255
5929856
5978199
5940572
5972963
5939675
5971563
5974180
5979363
5977083
6035574
5990309
6003263
6026855
5997274
5989738
6059655
6036059
6008673
6050957
6529575
6581406
6565281
6518754
6586789
6531841
6548243
6593647
6526342
6564128
6881444
6918178
6893669
6942832
6905311
6884433
6913800
6925613
6914348
6895489
8268531
8250302
8222886
8232295
8224057
8256368
8254085
8248579
8227589
8211901
8340603
8307276
8351924
8359712
8328836
8289419
8308873
8357812
8274178
8294694
8730750
8718233
8720293
8723935
8722827
8771186
8717050
8761790
8733289
8799287
