24643
8846
35513
51368
33125
64230
20983
16157
30618
86343
65084
58281
14013
57958
53620
49484
14073
77017
35646
46291
570
11806
67717
67520
4743
82309
65009
15345
11589
13555
67670
43845
52748
12158
43989
39946
46950
63982
310
63010
61216
83
6596
58466
4100
5702
41654
69234
49419
67719
62497
66396
65542
87519
6841
57946
13911
29933
38399
23214
66331
87692
24155
79804
68250
47738
53805
86212
3708
86696
53894
10216
69615
86100
65171
86801
3422
48320
44365
84973
68423
48976
29446
43863
26289
37186
5791
81480
32052
31945
4760
40629
3711
41539
20325
20040
15683
31380
76585
61682
4337
66171
77743
78094
69328
16604
65103
43124
82705
23649
43015
85764
35535
36958
14737
16106
64262
10478
24348
83176
34457
17472
10196
78828
23112
52226
79110
35236
81248
79757
12213
18740
464
33844
49817
4347
35678
37126
33692
57174
17369
86994
654
65179
19756
15465
5453
37461
71360
1771
22509
4341
36242
86351
36617
39304
58883
6613
87750
64179
28965
81722
15685
86369
14327
55492
42889
71092
61952
86411
13195
46084
12197
59432
11737
80522
38794
22817
18741
11510
63593
11446
22694
22219
39476
87039
1356
2448
14903
65945
33340
23610
65036
64275
4929
5470
59347
58300
30803
25458
71089
38078
73601
52869
35686
18363
57617
24825
57909
21754
67091
34986
59686
76785
47625
35378
57791
996
49498
77791
32530
35706
2867
64329
78462
73265
39807
82778
16396
6390
51099
50747
81460
85725
31022
28237
84161
64910
13629
83397
134
48253
18521
48108
64545
3
40329
14622
86914
37663
20932
52052
23027
71261
59547
13861
33131
34728
65625
56918
34337
16978
6753
34161
79274
25946
19199
36390
86389
25049
41119
19662
49467
21302
22746
56555
79875
41228
9034
26171
11343
61214
6538
34387
9943
49994
85675
81753
27556
56021
68044
19420
61904
3991
66850
13196
6773
33991
17027
34274
26318
77313
53421
25379
4541
27842
22384
20552
34197
26222
42226
33229
81992
15656
19101
40484
65344
68982
37491
4106
9498
52146
7217
71532
22394
48783
53731
83438
69048
71289
51375
2194
70766
49155
20305
38493
52676
59777
22960
43212
38030
56841
29296
2881
42917
59779
2971
32610
38809
13542
54533
71678
47125
67012
21593
25466
74434
8249
59379
64601
44398
83952
46914
27801
61451
11647
23980
49539
11478
28593
52423
50080
792
19635
70338
1549
46113
59680
80587
65859
36552
85520
66553
20531
6341
85392
36079
13847
80850
259
30097
63701
13068
34620
66368
60697
18820
49578
61536
51719
26969
35019
48435
82078
6286
9559
35170
62634
23248
53847
72244
71245
38886
35938
8218
6294
68322
60631
53245
49743
34536
18566
31670
5680
45372
74812
44244
87246
34781
68822
79355
87193
11196
30493
87679
54935
47086
27368
31615
59055
49059
3627
35814
71418
39800
66651
85432
43532
35904
2290
746
77970
56096
47722
40208
39940
23738
33066
38670
42481
46318
12689
59018
50847
75807
13538
84232
37572
31020
86429
10958
39876
29118
35515
31946
77615
10734
5851
18090
34526
84474
4837
31924
16093
7365
66795
22362
23649
64773
13880
3165
52376
84443
70572
82133
36949
40353
47868
26836
21585
40607
44403
14061
46566
6882
45284
22742
47829
43665
50718
77635
85658
68592
71737
28844
86917
56792
16811
30888
84881
15223
24941
78336
21764
80577
49649
77306
62830
15183
33860
13639
22033
55835
63754
33089
62694
25926
39776
30695
38015
61683
6149
31289
60199
13691
72958
48026
58359
48926
68703
10758
68036
59870
684
23971
10626
59320
54159
74020
54346
58263
75732
1312
50479
38892
43537
71069
10168
74811
44100
29136
79822
70872
15121
59532
85343
79159
7529
16727
39820
53347
25831
63535
26534
23371
81536
43003
86332
63515
31116
46421
53815
71261
48901
68598
26874
52384
48423
13726
42548
83697
65536
10183
75421
27530
75035
84683
19156
78846
68297
7497
46548
79322
24160
15854
48201
43864
36147
32393
59037
52697
65355
25671
54250
70619
37941
34405
64473
50719
34945
7766
30939
79621
6758
73891
80518
16832
41032
61435
76929
62856
51447
27670
24852
64333
53126
73815
9492
19978
21154
44160
64697
25471
22899
60113
55816
78321
28582
55891
52809
10202
34735
8315
71624
11335
61607
71890
27494
16620
17680
59070
45059
49389
42280
74801
19544
32180
36000
28696
79719
67605
44897
40137
55873
29795
19709
76802
42843
22696
16741
18636
74193
59746
30503
14921
62869
13457
39047
57546
74256
74818
37480
27313
5262
69568
40628
82987
14882
44100
54870
26835
6742
81545
83275
72016
5830
3961
63759
57942
50958
55179
45071
76108
52660
3548
30185
59677
73666
86908
65188
54608
31225
17282
28977
23956
30447
43087
7309
85916
77181
32367
85719
33700
65045
3629
78830
7189
55284
31255
80326
65219
62988
68341
53054
21140
486
74126
84127
47253
3125
47326
76668
3777
65212
20097
48579
27145
79555
45725
26707
17001
68180
76618
19663
34772
26591
3169
69534
82233
34392
47456
72286
86619
24221
45561
10811
43637
23676
87543
72266
82437
11896
4561
40205
39021
25568
14466
1567
65090
42332
65718
20707
23782
65947
55208
61726
7993
62697
78309
81741
45930
63240
31660
16402
37852
26015
53409
56994
47701
55256
58758
15347
59968
1208
79542
37535
13101
15384
67142
41640
20038
32566
21343
73295
67204
56480
86096
45478
71774
39800
67940
69946
8456
84720
18545
83975
1102
79961
76869
51579
14133
16967
38790
67246
27209
56703
9010
29853
38897
81103
67691
57692
68270
11257
80823
20578
48412
29163
75556
39567
15810
51441
2577
30331
27396
77985
44467
51022
84460
52421
57480
35041
19491
14517
78864
75574
63737
58638
46991
66392
46791
14855
78031
33767
20909
22212
29266
4036
14177
74782
43289
62605
5181
86634
76738
6065
30664
77166
13099
15303
67355
72765
86615
67794
57692
21223
64836
61296
50171
57664
24120
17858
18654
61870
44138
5504
17286
81780
12162
49774
25446
52808
86827
57918
60417
66368
70199
38366
69964
56656
76082
59542
23310
10272
67711
79345
63214
76281
24756
44670
24298
59394
84481
38396
7826
83006
32237
74363
19781
59722
64217
60348
83354
13772
58604
39482
66042
25770
41230
62627
86033
14359
26983
12576
37550
72383
52701
10618
43824
5247
38202
55086
4184
66149
58038
75528
82657
65605
9673
9113
62981
35418
27892
29957
9223
79647
73719
37766
3200
79332
40147
31096
53833
71856
51546
71558
17594
31376
22025
27576
32526
72128
61347
11276
33215
70891
63615
46589
53860
25137
50169
52762
59791
81487
70081
13151
59301
46053
60024
13265
26925
51450
36041
28531
74444
60742
71509
22651
44621
5606
60297
13419
75863
80467
7802
15524
1059
1661
8720
22100
44514
58034
66801
40827
22681
26595
57072
34877
9462
83719
46358
21200
26858
79225
82388
53869
76478
48658
25704
30367
45073
49020
50982
43832
74599
58841
20583
10681
76955
16119
77083
9580
64271
14692
4282
38901
48630
3752
62937
63865
9299
70653
74492
39748
50267
56670
40767
27994
45942
76805
80926
16652
3395
29225
5872
29315
15317
79787
43263
57616
83493
57730
3016
25812
77750
78700
28114
62954
2942
66772
47806
76141
72719
47231
83074
78693
72033
68900
38296
24874
62138
65564
10866
705
12496
86291
31934
15156
51025
28715
25920
10526
1613
48667
539
46910
27955
27363
86102
2594
65924
7065
40399
71352
26409
68927
63410
52790
19257
28081
56554
31471
66676
24250
73642
37713
80762
7547
79232
67553
37496
57158
77077
49562
17926
63526
37830
37888
27285
18990
12127
45053
54062
51003
46312
6514
60986
78626
51657
38813
50641
59562
63786
13457
34668
13437
34854
13995
34969
15703
46763
68244
42587
28075
81094
27615
43257
2416
16372
43590
17817
50400
9485
42587
62996
42095
32185
39583
2003
74798
67503
3640
87297
81204
51798
81522
18635
69282
14312
71964
44629
29015
56232
67052
58973
87859
64550
37408
61793
8471
72942
29432
59134
58969
58557
36096
80794
41655
67382
49660
36454
46237
16891
28238
86237
84033
53772
45516
77572
19609
58796
52428
80294
11348
47839
53880
62037
64459
30141
1862
63453
75556
44891
73846
11197
64255
18016
28363
59583
31101
5307
48101
9605
76138
74275
83896
87601
976
68773
87007
49982
23184
17441
48099
17647
17911
19350
36492
21888
3276
14345
74371
56942
85391
58789
50013
67677
64069
27434
18439
82134
55921
4333
10296
70874
65627
78448
74557
38215
87896
83775
28716
67455
82318
35315
11444
22517
78202
34207
72370
43983
65504
31076
82851
43924
50445
9377
59365
18958
17105
73678
29778
41261
73998
3303
80789
67577
28009
69011
70867
36378
36825
71714
45014
61684
3777
79297
71356
74937
12408
13468
72396
24428
26392
79227
27657
17241
31694
23204
50728
6316
50659
42746
67987
24000
11421
30286
81877
76323
48961
15512
78256
66952
33828
74853
35917
6101
22620
37479
84963
72869
83809
28838
39770
16247
7660
23826
46889
17711
83677
33115
6755
7683
63997
81956
49415
16975
65401
80795
25458
13580
57841
67487
32371
10650
46731
86202
18848
73603
34103
53056
33187
17264
68129
51398
21759
69598
32605
19725
26061
38646
73934
25105
79207
60836
1863
41093
20673
62899
35290
86898
55400
18424
54820
22516
8947
37318
59176
38097
3683
60191
46569
82334
50678
39382
58827
82999
81671
7671
63422
16151
79505
28585
32302
87746
1247
41871
19393
32082
68588
28930
50041
75904
25670
68914
21114
38439
67345
37608
19238
17986
20917
14239
20882
70241
14486
27644
81567
44908
12503
67885
12637
85626
3498
35867
55436
72522
39832
36457
31495
53960
24909
33770
14346
1388
57952
15292
64916
85192
72183
5188
38108
86222
76497
50296
70669
73178
11467
43593
44039
52879
13431
78644
78511
45807
48278
43225
68085
36057
8386
74093
83993
54760
31468
15678
54221
31160
28835
84408
52045
6365
62992
12689
72819
47012
74339
44618
29444
44384
37332
11085
53451
34204
52009
23067
47941
54896
63652
12977
15781
61559
42477
29704
66350
22582
74255
60689
289
71859
33940
71002
64653
825
77150
19054
73479
14825
43822
53619
50806
10482
58496
34443
21136
38661
74753
43363
58115
1836
76880
53866
71184
54324
80038
65488
77974
42603
3630
53274
56190
80232
5196
69955
71996
73960
30502
35612
50315
28266
44565
79106
75555
74607
50661
14766
19044
37402
54564
38682
9972
23894
76392
27668
4849
11753
44126
50174
79643
86270
16558
34188
13726
50217
41346
86913
47428
13663
28718
62511
84527
29022
81039
19023
46485
5034
14300
39481
44594
53506
15962
1943
36170
63441
60978
53470
59652
31590
11418
79059
19361
55608
7035
38786
69516
71413
82975
5642
19584
57020
30739
38786
64814
2268
39610
27166
2900
53897
46486
80085
25072
15355
64529
75747
44359
24532
50212
48131
25045
39143
44606
56702
48793
85791
56906
14134
59895
67503
64143
11462
50565
85400
43913
66832
83911
27213
27511
33715
47988
42369
75209
5317
64834
87175
43403
60370
87999
7265
54141
13420
83939
75374
63574
57471
32070
74658
11825
33624
6659
23372
23654
63655
81255
46099
22478
29209
74128
29670
83637
13353
8971
26822
41326
19127
16850
9859
23724
29962
67520
72352
8158
33991
70279
12941
10895
62602
54829
1405
35273
83959
13257
22553
12175
58969
42569
73084
2902
74977
12307
74066
35539
68530
67062
42662
69373
6578
12250
43516
20234
16411
79471
20227
49159
25416
26237
66028
39478
30345
14424
60110
81464
79076
12439
24340
19219
44252
49926
74753
65490
23253
6501
33239
67546
33447
34456
7012
72337
85618
6821
11813
76408
68051
77770
70907
57542
4218
87788
87791
23569
78203
1007
31892
17143
67801
26539
44998
14574
22171
67719
79148
63492
31802
37895
23710
63213
7201
25689
74303
33406
65700
67722
19398
76635
72536
80668
38106
39787
72061
86193
12296
74704
15465
23301
56940
44543
73263
79266
27173
24765
62874
56472
53824
82912
45675
14264
67297
78111
22595
52134
82455
26799
2270
6697
2664
53214
65723
39959
50418
27709
44991
52025
50509
84837
22988
42012
10197
4960
57778
71469
60964
7722
43544
41687
57628
4541
85744
68413
75618
72339
55323
47178
31273
75555
27542
20024
12386
11552
5798
74481
66960
25244
18800
65925
5785
84383
36735
41380
41964
86953
7178
32324
43131
67260
52633
33908
55582
52523
74158
52265
22749
71903
36375
27998
67956
73920
42630
39904
54264
9961
19229
37951
27180
67810
39886
3905
75195
61064
64120
46734
8492
10024
84364
75747
72350
9760
69002
2641
35564
39008
78981
2762
64812
34878
57161
76794
83828
33320
5872
26751
9389
45237
70214
69429
20887
43800
87284
33069
38876
45209
60192
71957
68491
20577
2995
4539
56145
47818
16461
33423
42172
23642
87459
12365
19009
42680
64044
62189
33751
41791
33678
54774
84374
45960
9119
9744
17739
76790
82615
14011
23512
62793
62296
18526
70799
50497
46580
28515
40458
19510
14253
36285
80735
62152
27853
22962
9259
67042
12943
87942
46609
42423
80397
67702
20341
12876
12182
6116
5860
71613
32949
61781
79945
23470
5180
49411
16718
81814
21240
31035
21086
23690
87965
24538
83928
60126
70643
34758
16963
64118
46891
75078
41605
83195
45675
69695
61878
66044
17995
5142
48512
29963
3390
18461
82561
72641
83612
42515
25629
52546
11278
12640
55432
46628
56024
25660
48037
51831
51174
38856
4794
15240
66202
74517
9515
18983
26183
15771
25238
27070
20211
85640
11023
69101
7717
49944
48328
17392
13451
61015
74203
66235
11470
17180
26372
19942
37471
80977
66116
48247
73345
80947
45787
57914
53974
61372
38522
58929
6764
65117
36276
65623
4574
58207
1341
25646
63979
33767
32375
83426
17328
84460
20683
16065
19932
5203
56556
57367
16239
6033
49713
84522
82471
7339
47267
32065
78079
39083
67874
76632
60282
48720
49109
8941
31362
6128
50142
71793
48803
26521
5236
3615
19642
43192
43759
1346
62729
30149
12553
4120
10187
5553
44780
66476
58997
2609
13516
73073
60868
64111
46280
79244
36759
16631
2477
41062
61441
61383
18875
54302
7111
29177
64252
20568
17661
61022
65684
29904
36019
21377
76343
57247
57652
51542
85748
64470
32187
63648
7359
78373
51116
45782
47661
13450
74978
54517
8286
29674
85775
16976
23423
15794
38620
20672
77445
87901
46815
25815
43625
10777
7848
14904
24876
67782
66272
51714
56068
13057
10859
57172
9296
57529
13625
64567
26118
73640
87720
72059
43232
186
85701
86908
84410
4166
19919
22787
72274
61485
33359
37322
47821
4281
41042
35629
28104
32497
36680
39690
8735
40613
30977
30041
70388
58813
17763
35291
56268
36516
13485
11113
48846
70565
62196
72031
71673
63951
15545
15271
15643
39108
18986
65595
52213
35503
23369
62843
23561
77479
25479
77019
44689
32932
55143
11407
75874
83772
54621
8921
8992
19322
72710
83348
24904
52403
58255
51529
43873
46733
61191
2069
39550
3845
47356
55123
70911
14505
16541
4197
69135
50794
2994
9220
86903
78316
85471
26028
87301
40316
87310
24157
52097
71996
5055
48899
71429
38695
2962
18650
12018
35675
46600
41769
30924
15623
24156
56468
50751
31907
42396
35400
4527
9904
55767
19394
73752
53709
2293
15797
77269
8411
22825
72751
80572
26263
20048
71361
44030
53070
14721
655
82976
50370
84593
87360
57958
27661
74511
64123
21671
13687
33261
40237
35000
73674
80325
32810
20019
30085
27860
2245
25227
85092
5810
54364
15725
62785
80698
37429
1425
33833
1990
39693
61945
11365
21960
53286
14833
17034
11494
5446
73576
74624
84072
11881
45148
52125
56449
6439
53028
5446
5794
65991
78765
71536
15356
5181
26070
83058
78564
80811
49810
63506
73275
42208
80777
36517
10922
51558
27457
12135
39263
18052
27552
52535
15837
58654
76613
58016
71010
74874
13228
9356
78441
46561
36717
57101
20638
78429
34155
61411
85126
9154
78101
64141
71881
50734
65421
12142
42718
86724
26908
43250
22669
42265
85199
52342
29616
35769
16145
50171
45911
15869
84429
2261
79062
50793
63191
5161
32967
55325
68746
87202
12373
44520
87305
75692
4459
70245
4917
65474
83687
51097
14856
16374
63112
54126
6481
27785
44839
16949
77399
48468
56007
74404
61248
44062
7939
43195
30938
26508
30232
74185
72023
49795
77938
389
30058
8907
75311
77801
62256
64531
64588
19935
56063
61467
42824
641
70377
4510
51717
34222
12544
6240
66797
55413
11252
9790
9072
78812
28732
7440
73728
21942
2571
23990
56064
35861
30263
34863
58107
24877
48722
59073
81119
65321
6084
63085
6099
23322
25775
59118
11002
53280
11883
56089
72926
13606
53343
17477
16578
9922
51027
29763
81722
24525
87924
57457
58619
54042
84671
11326
23675
42453
20683
85100
41619
918
83982
12777
85695
48016
40862
24963
62406
30297
87534
51040
19889
71516
11929
68892
22808
28154
12443
16340
11420
31276
19446
10508
54838
6849
29412
65867
73444
77751
15290
30912
9325
9995
11498
2488
25399
41248
42304
3904
16664
68578
19866
27529
37189
83648
50768
73321
41425
12124
35069
71301
8754
84285
87690
61219
48055
69250
32250
7329
81733
43456
2182
17994
34536
79478
17661
6071
5967
74114
58280
81289
21069
67068
51232
79327
67417
46414
26164
14217
86976
76327
72832
80997
84316
53858
48342
2208
42676
2167
48878
54466
64186
61410
11159
45251
33856
5305
29985
39867
67457
48081
55085
84008
48758
49624
67511
1677
52778
9113
82872
15313
71279
10410
76721
71825
6918
50967
83062
18189
26989
43555
40596
20184
72823
24513
58521
14802
77737
66962
14767
52906
68251
66830
15661
78818
46395
80571
32772
20270
38962
74594
2611
13607
48866
31466
74169
65801
34639
11845
12564
61240
25060
22065
65551
68067
66675
46328
22077
36059
28440
47329
18614
73608
52892
63821
429
87141
18150
79657
85938
67552
67326
19277
3874
20709
25051
68370
39820
68647
12236
21169
6393
7094
2046
53123
68180
5810
45513
42284
80860
71862
13933
82207
15306
7194
63461
76497
27902
10514
42651
50234
7237
56758
33670
69875
53699
50910
1456
7938
63023
26148
61805
50030
26357
18900
64664
69165
36539
1100
69360
70674
56644
54421
16725
39909
38085
68104
51458
41513
82992
5342
16048
65026
36042
19940
85682
13047
60453
27322
44097
11009
33298
21618
83117
78755
87687
30509
59332
30828
81913
50136
24688
6140
13210
5375
49371
19338
40551
66032
35841
59503
60296
7748
29187
17856
79835
30082
20365
35201
19208
17118
51736
38278
7756
17167
60530
19719
649
87243
3985
11673
30807
74270
46906
78634
44889
40212
25037
45648
65682
19238
76588
45641
41790
46933
44732
78940
74737
21209
7920
32441
70113
66918
54945
35284
46597
66754
31853
25404
34192
85722
64835
63377
85651
80186
29422
36460
25011
5925
1580
75498
67532
48622
77752
70709
50641
1217
72620
82392
28534
14398
75304
501
16098
7655
26384
7408
82153
49166
68061
60165
3774
80674
82719
7265
53503
61001
39972
488
23852
78127
40962
60561
67896
34642
23958
75941
21795
26357
77809
14335
30615
64242
31211
13651
11951
40982
31497
59780
23566
65651
35254
58990
87110
71774
9076
50614
55647
9047
6763
41660
10661
29644
79758
82144
86056
65613
14640
62234
35322
80075
60100
24751
54444
25078
1025
33614
75916
20529
41361
51557
10439
6129
74296
2106
87135
77545
21301
41734
75217
78405
75238
73468
32826
81721
61076
78375
19836
24202
3233
59985
55755
85485
32677
63392
70221
40486
80750
28978
53928
20295
69490
76839
58035
68971
45958
50338
55334
32426
42638
57103
49336
37867
67648
69167
54519
29107
27489
75247
37334
21313
40427
10246
32
81810
2242
82817
79448
34510
27756
53704
34446
67232
48477
49834
60129
80717
10780
74564
646
31946
56369
84543
9717
53995
3636
71045
49806
23399
80463
1784
30871
35244
62873
38764
49150
69907
31300
73831
12226
41388
59552
34785
62064
41135
38452
68657
71309
31530
74032
11945
53083
28122
40437
11754
9548
85026
9111
31994
18362
68270
70244
46577
12435
6874
87575
86416
19207
29032
58031
30431
48472
60011
33819
73250
15182
76883
53280
61792
26722
62680
13504
21478
47929
59640
27972
77788
118
43551
40322
76403
15849
7222
74987
25217
21891
83112
10853
30602
70367
87417
49718
80287
38819
33496
19413
11221
51713
69790
80413
14825
81409
78747
23578
11727
72376
53349
9529
27207
86479
25071
23213
78755
53560
41091
44337
18526
11688
61821
37261
11931
44490
37558
49315
81118
50350
65062
36252
40272
33260
45275
55015
73060
58898
47237
6103
56903
61173
11549
23799
26290
17418
13532
69478
49950
13925
83912
23981
3338
34486
63418
60318
69220
26280
76861
69028
79062
76586
59735
58452
79993
33976
4567
45485
83975
71435
73117
37970
56611
35839
72748
58575
57856
45334
43881
689
16063
63343
49928
78120
39616
21804
18488
84274
10829
41108
44631
25890
18122
77144
37171
53159
42124
74104
42682
21348
13087
20960
22478
21138
29441
1228
87217
36522
20517
32252
36959
973
3285
43222
1124
38022
22539
129
7531
18625
27755
12639
77693
22511
85893
17495
63855
70009
10049
23991
75429
15719
3280
17177
12222
39869
75662
72140
26100
59385
30310
2655
64938
58614
4235
62877
40957
72335
44590
72646
45937
24251
48509
81743
39897
68281
49817
12504
31831
38158
25670
4621
51811
75939
52831
8048
44482
55355
21844
63864
67731
59378
53451
56250
31703
45944
75935
62152
67734
7749
69069
18035
32976
1417
20854
19844
68435
19757
60740
63148
73745
35960
64923
48887
373
28846
61215
17717
51446
81105
46179
58154
41650
37541
10221
57884
59538
3418
86308
31196
36473
31757
44352
5591
71010
21079
17529
74619
36492
58961
30390
56957
36633
49690
22073
25363
30351
52317
80501
49440
34465
12129
17915
79134
49353
11702
12507
84534
10872
39193
55112
22112
61041
9752
39432
12965
53591
68574
37442
44089
46576
16362
73429
65361
24957
8707
44923
13770
25343
27690
68492
41438
63988
44465
80595
5351
79693
16723
705
56366
13739
10943
52466
33734
17395
60627
84487
78487
12183
21437
5259
56496
82271
28527
30109
71724
12803
67311
18571
21843
19739
7889
61737
36332
73220
59526
51996
4791
81505
25037
3946
54032
47041
17705
72344
50299
49515
17859
68011
24036
65855
32528
40040
79788
7620
33885
46565
37429
50557
46213
51822
9029
8454
33204
7007
1842
6690
67428
85640
18924
81748
62899
25589
43219
16377
35226
28079
68783
63983
9448
46821
77552
7878
38752
67840
83429
37031
11791
32229
22527
33452
46688
67732
66712
38987
22412
87235
14222
48719
82783
59192
39794
14353
11068
6953
85904
2881
79960
13982
74652
43956
85261
36160
2525
13143
61583
50430
64676
55433
33074
38264
87215
12628
11042
82336
83826
21066
9793
86865
26350
82672
5710
44247
12452
5154
24690
74150
2742
83437
28218
38317
54235
12648
19400
78
23876
71048
19127
22083
52950
35716
39469
49225
49784
21734
24567
53140
20241
59396
68922
61537
38784
85862
48696
65378
50105
3527
77839
44001
27732
83544
49175
28368
8580
67882
55273
4370
45191
85895
50312
17278
28636
19532
64491
4061
82742
6945
52716
37850
41454
24768
58784
11288
70740
58614
35772
29893
48901
33575
16770
28809
33053
61842
72525
37761
6989
35496
53403
81888
14356
68909
60367
64227
6261
31592
48216
9889
10378
34571
4787
43068
69974
30160
25028
37918
19345
44746
5347
15939
60758
81113
28580
58428
33891
52193
19207
50762
21116
41670
56958
3926
49178
68156
25856
49315
84804
81014
25133
20331
26474
15181
16710
38232
34957
71607
46791
72737
11928
61252
24482
66477
71374
30494
11327
63606
60494
22243
77567
37215
70505
15841
60116
36354
37214
1199
74198
50959
26678
36049
68054
35387
68487
32910
2398
84421
43220
18069
40970
11648
76022
72733
30682
53347
4098
54423
53436
262
80565
11377
44626
83611
15008
32522
71513
41075
63799
27073
82972
57553
40513
5864
46396
5005
76977
71793
12161
67998
51680
55492
29879
43874
4389
21176
60228
46862
49237
82724
79411
48833
37170
49569
82684
33534
47984
10138
47214
85027
79423
27419
84288
2115
62250
21656
34051
82029
20349
22131
77168
48458
27030
30131
14237
41298
35820
74666
47476
16783
26516
42542
30316
22468
81243
80026
2159
3895
36539
58120
19424
3742
80328
67723
85215
65674
20168
69854
35789
3200
74410
53366
46730
21371
3018
81728
16533
31039
71222
46322
74276
46583
26958
27581
72654
26667
68150
69174
1598
11459
70459
47877
8675
77693
27925
71572
64298
5461
44066
20453
51272
72950
45275
7044
33399
74724
31767
79671
27124
30958
5104
66792
29072
15993
37290
43995
19007
85543
81178
10658
27170
60176
23792
61008
88000
11520
59754
117
83315
29195
43990
6695
71598
43947
72032
45785
87766
34535
6771
84325
21620
78549
10990
12232
32721
52005
46872
72873
21265
1877
66765
56135
53776
34672
9832
32447
74614
70895
61947
64631
66011
67184
60807
72337
62691
20012
66769
76781
80076
82660
78486
52211
23990
63913
73914
198
23196
51113
41623
83379
58371
17636
34497
6495
13653
68573
42360
44625
69458
19650
48742
82315
39689
577
66059
72213
19663
52015
49021
85787
47969
37633
84313
73682
29389
24924
51247
17063
86695
36152
47337
41151
12408
13091
72202
83591
41134
72801
49956
2388
73834
28408
25920
76013
84055
87826
77402
83187
6733
27529
44729
71253
55638
59692
45539
37045
74621
45802
80210
77933
26347
74324
32406
79893
23736
84019
74321
2678
34548
16918
70024
671
55598
36723
50593
78490
22842
32896
41054
27480
52031
86716
70591
76938
84576
79962
63510
63980
2218
49591
51641
15843
38715
37209
79638
68079
84124
83526
43339
82453
24912
7364
11996
68639
60297
35471
30380
10829
24014
86357
39317
64908
32783
74533
37361
78469
71489
67322
61111
71722
17348
57214
66008
75061
85795
45549
3773
327
19975
82251
17190
56370
42549
72539
83260
72481
38821
43692
55370
29363
46185
6201
53277
44513
40848
75650
61151
9915
65818
70709
24362
14834
67531
21066
12125
70154
57962
63051
66269
55777
78057
25066
18100
9474
68256
31550
56227
37784
29032
84301
16542
43257
45618
71291
87890
23842
25290
30439
41129
73251
55041
28655
11497
14817
41705
47269
40945
36223
35036
41426
11586
83169
15204
77127
77929
61451
29888
53353
18648
57792
71483
64530
86686
10232
50988
81503
67850
79399
43545
47460
27209
43710
67678
60170
54298
82660
54934
4983
76355
120
32224
75492
58213
32511
63446
8045
3161
76015
35558
26171
68177
39428
81610
43646
49050
60145
10788
85102
86971
9421
29673
77423
25883
52131
38057
7256
17102
33978
59570
81418
3729
87726
2428
65016
20527
87569
16651
64158
25342
38269
27051
40642
68754
77974
31174
46850
27728
40188
81101
49462
59113
57616
15335
44221
17696
2958
48678
64275
28819
76913
39240
14775
49097
17197
59358
14712
86249
53553
10563
74129
11394
1719
11311
44587
25323
14567
53936
30854
77388
34727
52196
12280
60337
916
27120
14118
10386
1626
84025
22938
28132
81534
11421
7130
48222
40649
37596
83762
35457
79022
85306
8929
64077
68404
38403
47280
81435
34710
80564
7990
87269
72794
82866
27441
5557
5969
36720
72718
61770
85906
42620
74443
12884
39542
67972
24250
84655
29031
85946
71610
71798
73382
87219
86558
5487
34752
26382
36427
42954
44794
27490
61416
77389
35621
83545
29551
43949
41671
86867
21461
71791
62804
15077
24784
7597
66295
63818
75939
74353
29212
19447
84890
23042
27066
78273
51169
24837
84844
5720
84636
62963
61405
94386
91319
127029
103707
116545
97868
159363
90061
135171
101108
126965
173536
127197
149023
174080
97384
117049
157160
89027
115824
129417
95137
127523
114534
128319
107564
161945
139421
133455
112949
168512
110802
140901
162738
172277
137860
137840
168121
160669
108237
121566
88455
95600
149437
148933
167804
107190
135465
170969
97875
172329
137990
121377
140914
164803
169552
123274
112976
123142
95177
171219
108742
112482
152580
111050
108588
147052
150763
123079
155530
126989
138409
113111
130598
165050
175291
168435
104241
113918
147972
119317
160898
154837
106906
146011
148102
94215
170146
114527
98300
162868
105950
142261
153521
106365
99328
137819
170787
117500
148048
105624
89540
134297
160740
166159
103193
145612
125988
152356
147123
121540
132678
140608
97751
151928
164915
128511
122217
100687
99637
166729
172090
118905
167873
107891
164348
157803
175621
133889
156606
135667
99785
155509
118910
140990
144355
89521
118860
109058
91075
166169
173974
96813
162756
127234
156105
124784
171029
146448
133649
135718
136487
137691
139812
137766
199529
247224
243600
249438
231572
224664
188113
203198
192601
191760
227285
199728
197100
248607
212903
227493
254157
191708
182446
179748
242416
201762
176409
262220
232048
231507
195776
200910
233916
255185
176773
247790
231686
195820
244879
226161
201698
216610
251464
176413
226498
213730
219138
218550
237851
210728
203947
245133
207498
255638
239551
191028
219727
193414
239605
184219
210838
228354
239988
205300
201660
183623
181312
196705
260352
230835
260289
183390
221261
188511
338091
295768
308832
325993
325650
284940
322698
328172
295803
306597
344028
329129
267415
335676
274516
332565
329506
319552
273718
264261
286771
329823
276712
301444
293785
348154
329792
265743
335890
324816
410872
417548
366972
395097
434732
425313
439756
389401
428483
403845
413358
352429
360777
386854
427401
439180
352316
372743
367795
431578
405938
393092
434897
359012
383260
373562
383776
382295
397298
385865
410538
418937
379952
394623
378065
417546
415231
378258
394367
417402
431971
400134
424682
381866
412352
361381
391181
381509
369885
397084
477925
509367
483879
442127
502733
477340
445032
460416
483963
455910
487573
508592
449128
493030
518348
498200
523169
486886
484840
492218
496990
503026
526045
457045
465343
454826
476499
452369
458714
459777
497374
446974
446245
490384
479092
520972
486453
468171
487800
453994
570438
560138
571003
599440
589811
584445
550697
544512
560549
590196
563517
591219
613857
592373
590039
538572
590959
543761
544337
564534
692567
666669
616593
682880
699632
781663
774627
723491
714505
710834
863097
793633
845132
794308
872795
912834
951402
915909
950023
927048
901348
911989
923659
966848
962732
1026331
1054164
1006456
1013787
1013490
1041472
1036617
1046975
1042963
1002069
1027930
1017152
990773
976064
971873
981416
1055159
993044
1053666
1053224
987926
1008136
995494
988644
1024577
970528
986472
1020043
1046892
1004675
1027359
1044646
1019732
1000350
1044748
1035258
1039455
971334
1039745
971603
1023448
995258
1011351
969722
1002808
1049326
1048892
985557
1028070
1031102
1223206
1169323
1144930
1204088
1156154
1286375
1289811
1246013
1292571
1296218
1397776
1368732
1365115
1404376
1335025
1354684
1322730
1391897
1336697
1370330
1450729
1458943
1479662
1475482
1484141
1580014
1522717
1558190
1507331
1541726
1630452
1590519
1586349
1629623
1648074
1687542
1749811
1688781
1680555
1737760
1729704
1727970
1759895
1740420
1707334
1718524
1722947
1734002
1687680
1735724
1774667
1841578
1803777
1769920
1826939
1912209
1848298
1852264
1923787
1897419
1946665
1950765
2017741
2004840
1987215
1989233
2003971
1968582
2006179
1985695
2072837
2062046
2036504
2086969
2063380
2192807
2139233
2130705
2156098
2169438
2484465
2471883
2498915
2517760
2515499
2602540
2590469
2553348
2612804
2566017
2622897
2619530
2582872
2610831
2584721
2611911
2634742
2623865
2569726
2569972
2644971
2678168
2667626
2697724
2684080
2767528
2792716
2777998
2746812
2810573
2768095
2808554
2803382
2778118
2740368
2876482
2839103
2866604
2867849
2852025
2819534
2861673
2829573
2834574
2843323
2947379
2978040
2987868
2984290
2928508
2910915
2932037
2918478
2918545
2921168
2946344
2968931
2969590
2955064
2947956
3005814
3009520
3058246
3038791
3020662
3032398
3029523
2995288
3078755
3068823
3168437
3227333
3170389
3180483
3206905
3317413
3261586
3287983
3341257
3309971
3414722
3354012
3423950
3364575
3422093
3473299
3491962
3470408
3460447
3465023
3646283
3665656
3680232
3643914
3645123
3916096
3902906
3959263
3930391
3950312
4062424
4097435
4090083
4131027
4133920
4079306
4097576
4063011
4075238
4132643
4861082
4907894
4873035
4875037
4903190
4931723
5006531
4959400
4942587
4967325
5288930
5353704
5366763
5309121
5364904
5585153
5578651
5622794
5606230
5621602
5885269
5868729
5890370
5860239
5845614
5957356
5940446
5934645
5930327
5971881
6014320
6067542
6013294
6033347
6034398
6537436
6596921
6549245
6563382
6523957
6922531
6927962
6921280
6888593
6867821
8230575
8242414
8191923
8204887
8221728
8336196
8359855
8300802
8302065
8278565
8716044
8773053
8714061
8765369
8752360
