66787
67445
51009
72232
79791
18500
53048
83949
46711
11956
21607
46438
59285
78078
20423
70845
52842
14184
36777
55579
52832
76424
37286
79331
76489
53826
34845
17114
86690
38418
76655
7364
33660
61970
8744
67141
17800
38097
955
61874
30839
72285
34515
21238
64654
18101
39921
41519
34849
10313
52210
11584
57716
26035
72228
25310
46512
65026
46450
66449
10796
6931
43746
36844
59361
62996
37947
76916
16249
23393
41718
23505
14330
35315
28865
15298
67883
21671
64650
23422
37053
32042
52064
20587
87345
41281
86831
62504
82942
5717
7992
54155
63040
35712
75216
61576
58203
83612
21027
80826
32561
13762
6763
1334
40791
62911
29650
49101
11708
71585
35307
31879
61347
46893
59288
20903
52956
29543
65628
43774
11170
8082
39086
8424
74574
4258
37463
59206
56177
15213
26142
38413
30593
6044
71282
19545
3731
51931
14825
40368
79731
8802
79096
30956
28916
58656
56284
54409
71027
79860
15619
31232
8532
5888
75486
86709
49519
29294
38690
73202
34743
71402
83851
80719
81285
23507
63782
61577
83386
27446
72272
87185
18097
54751
5290
26503
59221
5462
27776
77033
79161
36402
85135
19699
77859
25996
55245
2426
43132
8475
73379
55575
5757
5468
16013
26265
78026
53600
29442
13606
10336
66602
48200
52013
83560
26788
39230
82560
5829
22305
24729
85927
18301
39731
15636
77682
25827
56406
23218
23288
26923
35081
948
5549
78611
87666
17401
65867
50772
49167
5604
34498
6920
81621
20962
68570
82759
83695
17698
25206
56092
8031
57362
52621
28499
34667
58482
32275
74183
49062
58312
14485
37009
24774
7679
37253
29742
18198
66328
9009
71588
31050
83179
54632
6785
65635
18053
57509
19670
21721
11171
39348
41413
79615
5050
19277
15951
38029
83939
22814
75744
67892
16127
10536
50444
87349
22330
1459
35370
37549
30361
79599
86791
21627
23887
11157
84673
43684
21639
29767
10773
42168
44263
60722
36528
82571
7173
66782
75246
43811
77003
28337
50705
64218
15595
4204
4615
3602
610
20325
64072
37457
62642
77907
53581
65358
13526
34499
29416
15931
77261
18726
84616
6510
60174
76832
61040
5325
82910
15307
49946
28905
61982
43923
50500
47919
66325
19028
441
23408
74497
72187
43871
86675
21307
37593
16592
3511
41413
76983
58612
77486
71292
43397
33946
32161
26739
8608
38104
30492
75034
86155
6060
55601
15685
20157
55315
56604
7391
54796
77929
60362
6307
45690
3723
71173
45253
12195
42877
56746
32045
16838
13219
30025
46426
78800
87983
61427
30008
60665
17121
41653
45689
81493
21386
74179
21485
52
84970
50905
30169
40201
38185
80310
78483
23067
50042
31577
98
12197
56497
21386
23371
42414
48033
50977
76889
85600
36700
70649
28991
50530
68591
202
71864
48328
39772
48434
11173
1045
51346
3904
21104
65210
59095
8661
41830
16272
17093
13897
44337
29965
41663
2162
63206
74959
85049
8790
61779
74482
1498
266
23599
36780
43913
12128
53487
72008
46004
53771
21714
3845
76893
53659
37355
12158
3607
7375
39285
55361
16238
19496
80129
13072
75269
34574
59349
7728
53102
35890
80166
28664
22122
63434
9155
49386
6981
70808
21766
9202
37841
54202
66106
81670
25484
75744
81334
35286
78817
78729
17388
63698
45930
16748
40870
3436
43130
38024
3247
14104
74428
40364
83634
13608
74804
50936
66917
9274
63978
14856
82414
12601
46220
65036
16573
42018
62735
63760
62066
50080
62743
41403
43926
86100
5510
72981
72759
57448
39569
53110
40976
23710
51154
1195
75476
52551
54836
9640
37710
20061
62260
24961
39156
50833
78675
39225
50281
48667
16455
9912
17949
18636
12313
73219
61609
68168
28978
82184
55940
43489
13679
34967
42925
65340
8671
46065
75020
68186
46900
69736
86513
69947
25039
55288
21997
30299
55536
10740
61025
52152
14379
75059
40612
6840
42088
1301
58409
41300
4880
7835
31398
2077
83555
74944
43577
45446
71597
34819
38084
48954
50572
82659
29229
72066
83438
69276
67290
21528
50876
13620
66350
64289
57284
8105
41007
76153
1555
35657
61191
85185
70847
70872
81753
68700
27081
28700
55447
2894
86302
50766
40368
6604
73448
61869
77093
47676
87876
86098
82676
44637
381
54270
79978
39060
66963
74116
38236
16770
75960
25414
7162
57519
44416
35794
8904
77107
77024
82550
38523
75961
50951
56119
27338
16034
73547
65749
23019
13804
59512
20728
27687
44218
39675
2896
46780
65247
67595
59330
86749
52901
6150
49719
43861
7769
45267
64293
87989
2342
8495
16826
56683
37114
5421
1392
23959
25075
14659
14029
33107
37031
23190
59575
72008
52453
86198
6677
49880
75192
27277
11276
41518
50137
12014
32092
66621
66833
66643
13415
78596
49687
35556
25606
86337
44371
72808
42636
26045
48289
66664
49520
85211
85878
71939
59830
5667
16215
13331
38277
72186
63510
57430
52385
40594
47396
81012
41956
41601
12891
64067
60710
51136
15428
31649
31743
80541
24012
5421
42354
36623
48458
60954
54418
9224
14030
19697
80375
86504
7469
39573
63320
47266
61582
76041
30051
17916
81134
41090
73640
69356
20588
880
23382
19398
60464
73016
34052
80123
20476
56086
22176
7146
46379
35212
81130
32531
40062
76448
52634
65147
32555
45034
23270
72073
80117
56701
68990
53912
53394
31522
22879
8156
66705
27668
55425
55661
10352
67473
50152
10151
61569
50909
84803
37610
68416
71063
21553
79081
24342
52078
45370
883
43710
24089
58547
25824
59284
35089
31229
78291
4595
51752
21474
81970
13470
55892
50165
43137
80844
79595
47825
74405
60771
34599
3413
23388
20032
42042
31514
79796
26829
9513
35604
4321
53899
64224
52965
62104
59777
75995
67186
48724
4298
35868
39644
19906
84732
75415
33272
54755
20259
21515
59611
40868
17829
9660
56403
84655
9860
64259
75180
52511
12865
30338
46315
79648
48767
233
46619
39166
26436
66557
5339
72547
60378
29198
82886
64607
35798
41399
67109
44539
75358
10630
86211
45158
67257
60139
4165
34654
28069
50194
30868
67710
15073
61246
45976
50370
71072
56851
23907
47441
47167
55012
64673
11663
31944
17569
19926
21742
30720
31255
44636
42974
9643
79046
70206
65981
18485
43256
3415
77475
75611
33052
28352
72436
66880
37984
24349
20789
74909
58502
48433
47888
8844
38953
8728
85973
79034
39119
25938
3420
43084
54278
2928
70061
27634
22208
35325
32036
64658
77132
53681
67981
5431
10485
7845
62721
61710
77151
53931
30483
24890
85296
27036
37334
17917
23048
9800
56911
74796
53025
32132
6221
78417
1661
7489
38145
45679
48435
68083
9960
32045
54602
44736
65755
26246
45351
60299
80211
68551
48804
80404
23998
54073
80147
87409
3508
68267
8204
82734
9250
87557
45168
2272
19409
20557
61386
16468
39905
4443
19987
75730
37965
12992
16010
69554
19350
18900
62053
59313
82072
65972
24468
60725
75334
44791
15504
15241
82736
66459
75402
28342
63717
69077
31130
26860
62580
80886
40814
66678
70231
22519
7550
18526
60272
69776
39889
78914
27936
58359
13316
86726
28768
12331
1
57065
63938
23637
59793
78565
10743
48563
10929
1380
52122
14804
70880
11979
75930
77009
64916
30231
61372
78041
16390
24414
1713
55757
63426
69706
45058
33653
61374
70374
85357
48704
85511
16299
43985
36496
6907
239
34445
67257
27201
21205
23474
52106
17774
12128
33291
8765
72143
77198
85959
44181
17116
13326
32774
44763
18873
58843
85580
59536
46887
17718
36544
81073
86266
73181
33305
21366
7076
44101
7049
70962
55057
46718
5390
40569
51576
35092
25619
70015
37023
80790
73679
27506
66176
9561
71623
39604
47803
13111
82817
81019
68455
71672
42114
62854
975
12227
12561
66115
64783
19332
40147
82876
65844
7897
66451
20408
33098
78280
47040
69236
73967
59662
3795
21097
18270
10653
20680
61447
18050
17610
48541
24936
65556
74888
85459
41607
54165
1412
56939
42048
67171
15682
68343
86047
74063
32737
71394
73875
31177
17948
57760
84089
67580
76486
17122
32834
17241
38872
20339
49514
16556
625
6097
15102
7810
24944
83855
537
15276
7751
55947
25607
21927
46139
78211
30699
17238
19604
43382
36359
41805
12117
916
78936
4097
14165
31374
21952
44249
766
77683
66564
58887
10128
4538
58545
11117
20390
17638
15634
45857
6229
41811
54336
54789
26465
5668
50321
12870
71889
10517
19614
17333
44346
3795
85530
37914
10419
15676
50247
70878
71215
2001
16705
86137
75249
71143
18447
59832
75744
26788
62880
52441
13479
77400
76439
40124
25131
4322
29783
49554
86845
57287
23905
45536
63193
53788
61522
80092
16924
12564
52628
77978
1261
2686
27043
75863
80078
62381
45467
71326
73160
39653
34372
59399
59423
39655
32522
49749
71035
32682
87373
62898
43697
45893
59886
84931
59475
13183
28936
59633
42115
72484
63373
18940
79085
70867
32116
42189
73635
59141
13761
78617
28539
3974
9844
13336
47757
87646
82719
11733
13699
63224
55888
72246
19791
52338
64007
45988
3797
25023
87372
67393
37267
62496
82879
47954
35287
53147
86852
18751
64968
2698
53098
74494
25896
53909
49981
68002
73752
33713
37322
5077
18341
55528
87521
77079
56574
85554
46781
59740
85576
41213
65648
70138
83221
13214
73525
5626
79022
18151
46368
76889
85557
48233
18835
7810
26586
74032
10265
69294
52868
69487
40938
3863
50315
31945
13951
30004
78935
2538
8955
80225
76784
4675
68178
79397
24649
65815
16324
72541
66800
71081
32310
28116
238
10045
13196
27105
24065
7829
10609
69827
5110
86690
1606
76441
85120
20209
79714
76570
17910
69049
40273
78251
17486
14871
13678
18172
50646
64866
15765
36566
59126
84872
52950
17488
87892
84884
32830
21180
71669
82676
83176
76851
78397
74271
61225
54688
53936
73930
59645
72450
25729
13610
50742
6124
41937
29714
10447
33671
86753
48500
19020
79493
13146
12117
7843
6597
34079
2372
38649
72125
63706
86282
36393
13076
48086
36524
74026
22255
62388
67585
70089
62407
33856
76568
55596
3429
35963
31015
5284
48907
974
44896
68478
21135
4907
10805
66411
4967
53429
84786
67946
81150
39021
15361
50499
27662
14169
83594
2524
48751
62410
52597
84712
11704
965
81836
76842
50673
63305
37486
75762
80332
87773
83908
14942
44040
41715
16837
73280
7886
57057
14782
82
53627
8928
86924
87484
70406
37577
23966
42055
4368
24182
21329
72421
28567
29100
80383
17809
68208
78855
45553
10088
37206
38313
16905
56677
43010
74748
23211
35462
4938
13821
51892
6043
4530
48225
84670
19879
6873
28368
46585
352
7472
73589
65928
44449
58643
32710
67147
82977
12425
27463
14764
22808
20464
62666
80077
77707
87828
20504
40021
6876
20740
63671
51286
2207
65523
44230
3051
24453
24435
56078
11170
32063
58892
63114
56737
69150
59561
78621
84990
83684
37575
8601
69728
11267
29933
59840
18210
53537
64559
78393
38001
53241
21175
81895
27989
34818
63689
17266
50270
46913
53965
78417
11676
73023
17089
13326
49302
31475
27802
30195
39076
12728
61816
23544
85728
49212
8274
22634
14911
77818
72621
47898
86493
75157
26037
13598
85875
71795
2930
44727
56170
47728
66606
6130
47153
86381
86873
56161
31554
27252
8608
19177
42260
27585
41415
42847
2208
85377
26832
1518
71596
1038
68498
8349
66529
74504
34879
49117
82126
61742
17034
24445
24782
80914
36283
65142
22681
22317
36583
58756
3398
53681
56821
67342
38288
86289
68437
33888
41596
24673
58361
57203
21899
22895
18003
49911
74172
59385
32559
8135
61670
20088
8216
16116
44233
58732
2111
54463
86449
43941
4454
14556
64130
78028
29816
9800
80973
81200
24664
44009
36746
46124
27448
6666
26851
62983
75012
7112
28737
46584
80919
4434
23683
35397
71485
40716
62722
12931
63713
64123
82016
32792
54824
10371
63196
50831
47485
15157
32750
66403
39822
21752
33486
62823
64419
45165
69470
79020
46858
57300
29463
32781
24204
39691
45895
82638
57585
16412
24578
9717
24163
20726
52133
16065
31921
52872
48862
51623
35852
81111
18369
62257
30057
15238
36446
21118
14924
84616
44054
42716
84449
29099
38205
40423
87613
58418
85073
38446
23260
42259
49353
28035
71857
57665
59062
42147
15055
13361
51453
42383
82375
22374
37680
31681
60669
21513
4279
75956
18050
46511
30086
12679
66791
53743
76271
36340
86275
73242
35884
39974
37628
40545
27773
82925
87310
30603
35766
83465
40547
5516
22447
52489
85465
11790
11825
49194
51130
86264
27242
79676
48288
78217
59451
12666
23216
61604
75948
23857
24970
24931
75988
15772
29876
55676
22639
64217
57286
24188
13416
22565
29219
4498
69026
26305
31364
24936
33014
42629
8891
31456
12673
19958
4724
21457
82311
84763
33379
59725
26762
1095
66376
57723
86890
22753
7012
54984
30934
76912
71445
59867
22263
15061
51715
38033
59545
59968
11040
57337
69756
15641
26300
84400
76299
37518
6505
3634
75231
21303
17059
32390
81595
32259
27481
25501
23054
41492
48605
58453
71710
25073
71584
7207
65510
35639
66438
11979
57537
68103
30465
55787
67740
70210
80951
33913
54408
74314
10657
35130
53305
74181
65319
59522
80512
59534
17168
25431
79505
49354
84909
41450
59613
49164
47141
5302
6114
18703
5507
36574
86172
29572
27184
32631
82436
62487
12680
72581
10175
35961
41020
16329
49657
7332
27872
71140
48641
47716
75967
3930
35628
34838
51494
87896
55815
3799
12614
74734
49117
34673
31137
70420
23925
79268
72858
22895
57431
40064
32906
73501
85674
85705
25497
16468
76191
74373
46225
81110
34491
70271
24880
37744
86140
282
74278
78035
30686
14827
84528
35233
11054
47194
36254
85566
85546
29079
20410
46632
33575
35203
81514
38342
17211
25856
84081
82423
44921
67503
80808
31400
19890
40068
59184
63695
60706
37805
32554
9741
34402
54556
60346
46223
87275
40288
16624
1579
62978
33208
52037
16943
67036
28172
14736
31214
26100
71371
64184
80879
50384
4677
33902
76146
23710
64594
35545
33420
47621
44723
18248
76139
78177
25097
53010
54823
13507
35531
9120
599
34778
66936
23920
75403
12083
1146
16736
18999
74593
36161
82269
53361
47523
28372
11452
28037
20636
18293
59438
3491
27157
82732
25441
17282
5421
52187
34500
76264
64789
70432
60613
21401
78427
37046
38694
44031
60480
62550
72935
30371
22487
23028
83491
61103
73549
34856
5934
60672
78450
65153
47234
29386
84794
5595
38927
44293
651
51982
20610
43817
61031
53277
22445
915
62597
3914
1025
18794
60734
20352
75009
29766
32077
68865
56886
5579
14007
40417
83964
69531
27843
57795
86279
20320
86259
34776
44087
75280
47689
65229
17335
13409
25755
50219
25362
11177
71947
85558
22014
73459
11141
87822
8399
40687
43371
45871
44977
81471
36568
73914
2892
62674
59996
37236
62786
61755
13752
20491
46728
46284
11115
87948
38424
79875
33159
79393
55812
32423
7009
87203
87078
43813
71122
20120
19121
48026
53230
56136
44409
69849
76365
82240
21889
54284
76450
19193
25701
71614
79761
64927
85733
18858
29446
48415
79844
82655
84553
60103
9684
33469
23558
38085
24397
11136
1646
53477
39851
4616
74290
58166
78887
23339
67647
58104
48978
64884
26487
69970
78285
25425
29834
20203
50718
23025
6641
65095
21779
64268
67781
18498
19979
54892
62237
84134
57717
86206
56908
40142
60440
38972
71680
25405
48630
53232
38037
20251
50353
54773
21888
15830
6685
80161
72757
79950
71706
60671
8226
35043
60905
66820
63257
16831
28010
73745
68710
68649
29929
34793
39706
28412
80102
51476
19518
84959
35337
32967
46962
71346
79415
49321
5036
1947
67015
29355
87579
13445
23914
68710
32672
84196
37594
28387
46854
8743
86411
29438
31672
12234
62200
47735
82732
56393
68714
56193
40478
14058
70601
53936
33287
33611
79141
2288
45311
9595
27712
50917
28859
84975
27169
1863
8608
15010
9288
42276
18140
1697
30383
69010
73066
51821
14640
63754
82090
71347
37620
28417
13176
33781
28448
36268
85796
12130
2215
24032
43602
54187
60078
9294
29157
3038
46477
56269
55795
36925
32836
45747
77364
74138
2236
58954
44689
34677
25504
132
71550
83193
14811
73630
60839
29015
7522
3063
18951
43218
5916
77155
20718
20524
1714
52271
84533
2095
6388
41344
11891
4512
47152
11472
35044
22340
85041
65776
87462
54474
1844
53073
37500
42485
37361
62391
85958
43679
6474
83213
9353
79313
55341
70047
70652
1822
70770
5656
59732
61206
49726
72872
13538
34435
72726
47877
86640
41882
64426
25051
73442
66410
5688
11075
83829
46571
53367
85683
30557
17795
31063
30978
43963
39010
258
1389
32909
58839
75412
21217
45339
85219
75352
71455
36225
31857
69254
39752
14782
41210
5138
61806
38811
80321
81191
15833
56376
33877
8328
3894
34767
9752
56874
1800
86055
58745
61653
54394
50240
54049
7056
67625
19934
19029
10911
86966
29735
42280
83623
71631
87633
76572
990
18288
4213
25081
20976
26288
67036
70670
14582
22109
51193
80375
16668
44503
78883
53398
58871
67010
84379
45907
59667
58182
10614
34548
38787
75539
10889
13911
87137
2863
37160
43559
60789
78055
42102
25160
16126
27996
77532
39491
68342
61487
6082
56251
68945
32694
45649
52528
36550
32026
48173
54151
2823
87596
46562
26066
50583
79191
15217
63527
32119
40708
82660
33553
37100
54314
32528
52747
25828
39532
50596
68983
86368
53077
74742
2087
17417
41683
25428
18392
16015
81414
43829
83275
6069
13916
27021
7408
21378
71663
87101
73436
61413
47724
19199
54221
34024
28708
13394
28285
24379
33863
10438
10046
50324
52458
32952
67462
85838
62291
62312
28212
70011
51187
87384
52802
65643
72538
41581
85487
34530
37115
30795
38082
68316
396
13285
78546
81361
22111
6448
61379
82325
51990
25692
14752
33403
73574
1971
15707
68680
87660
55336
24988
65781
60439
43594
23552
57758
7361
76857
81860
78738
68695
59575
42975
51423
49401
6748
668
43889
28422
47987
56313
8601
83413
5937
589
30872
45355
29835
42230
75728
22336
57112
66970
45673
24507
39325
36364
75065
53798
41710
57394
82386
83934
68099
26353
42252
18050
7585
46346
34922
735
3301
63368
65788
21753
42496
78623
60908
29201
76170
38214
69501
84134
87956
87780
41584
69518
66538
84970
82541
47533
13339
3196
24825
30722
83747
15666
4867
34840
15149
81940
11219
77708
23607
26482
35590
57547
26813
27551
26802
16652
77836
70158
86818
16791
76090
80498
53224
67919
31180
68999
64821
57416
19873
267
38766
17697
13130
65825
59228
74867
41636
3745
21056
27641
1328
52649
27805
21503
45814
16383
29538
20926
65813
59781
1936
69932
67651
3547
14424
19353
63810
82563
83194
31380
62653
37084
11435
36175
6882
49681
23259
87341
32398
16025
85277
4529
39990
26587
42123
491
72445
44374
75824
32882
35142
73202
154
3654
59968
47469
66849
23797
66604
75982
69255
52762
86613
78789
66983
45273
55926
24301
13528
85105
18104
2528
31414
10056
22058
30231
45438
83397
76570
55036
2897
86475
76719
76883
32817
85061
67896
16010
68744
33776
29993
50845
66475
2450
52790
85788
79731
39863
72040
63370
50050
30188
22658
65431
33401
75361
68342
15306
56227
20872
74283
26688
24360
5067
7864
73558
34721
36685
6594
10681
7277
19834
69589
15526
49304
66885
14171
72040
58892
11591
83099
35165
53029
57332
46037
78093
54934
42718
6647
41981
10962
36602
60538
59023
38002
87743
18165
43238
44275
66560
61357
45420
35935
30001
8674
82502
74307
49633
37080
31256
10564
52871
11231
68168
59086
11188
62351
17621
12037
80376
27856
46457
82500
29516
60806
71403
34633
52142
64081
59689
8547
58884
2380
72258
86366
27156
75317
17841
52439
1457
82260
59760
26650
56548
28936
42655
44361
84687
28258
80229
37596
57595
78863
64217
23654
22790
82048
21445
12446
24109
6638
62062
81707
75661
81790
62322
46989
21469
36413
29585
31530
50560
80307
62922
26872
48526
12745
36050
62488
55565
76507
49686
52465
54524
23644
63402
4056
57397
53479
34930
53784
24346
39775
56314
22658
75396
30062
8322
83604
56937
82682
46399
40120
83539
47769
16748
83783
73068
5068
58637
34807
20828
16543
43457
18580
15109
4684
12373
74846
27484
85605
25294
3034
29831
26747
12672
87926
34903
54369
20562
62552
7532
10579
10109
19833
11334
80168
43672
11125
33446
1512
58998
76265
4252
55521
61444
5316
27792
24504
19903
455
48949
13299
20829
66793
5051
55186
13537
77378
68426
75295
27516
39858
18861
24951
44967
37200
58302
77848
87838
55982
23676
84117
61350
53783
13137
38908
78231
12102
80855
53071
67981
63902
73872
11799
33145
76313
2348
21699
61581
43242
8140
17918
60363
85027
25506
31649
84490
17425
70512
63645
6978
38978
55252
48684
55085
78908
72872
65437
34274
25579
4727
60358
58577
1362
33664
28981
42828
83580
30215
20925
72278
14279
28192
14035
51013
2894
5716
60936
38921
16747
74242
8765
19012
87947
38499
82427
43077
27452
21530
80192
82082
85430
40713
86316
3758
65105
33295
36233
74775
72621
17118
25772
76773
22185
25062
59802
6148
17394
83797
87069
65145
16339
85534
61492
56388
79935
84493
38115
47518
5898
51099
48921
56106
4813
27880
49381
5547
13017
40499
34610
19878
21204
50378
21501
50114
78248
52218
1746
72818
22622
21906
68705
30776
14779
22741
22432
36990
21647
69867
71341
46480
24150
22479
80454
71484
33857
5205
44110
77419
43268
52671
20486
32352
32580
12254
16279
82159
10127
27775
67185
30097
23381
8494
1689
51437
49026
49704
1018
65364
55152
56984
79638
77105
64843
56130
65305
61156
86839
62193
77567
66516
60257
60131
9393
22149
79934
10340
2553
35662
51718
27714
65048
43205
19270
80966
83360
30060
82646
9210
57668
31762
14423
82780
18511
401
54709
76092
70939
51964
72685
56900
34950
10056
45848
70250
46430
8533
24032
68478
41534
66301
31413
60281
56320
14431
8296
35854
23683
39846
42137
30692
15163
30443
80645
70975
20830
35500
1466
58715
30965
41524
45421
48686
35978
50277
74684
72978
39538
11889
85777
78700
74692
73450
46772
37803
63612
43824
14873
22279
65061
24453
81511
36800
67142
47591
8249
43789
62539
58323
46646
52234
15412
14822
44518
70000
56019
43876
67251
77055
11760
1499
50521
23547
12529
18385
86600
35112
5425
87514
52334
58819
30082
66406
39387
59522
86397
40221
70703
51526
38293
79122
59989
30238
62923
41265
24352
40505
4077
33820
34172
29679
48073
53715
30070
12542
40949
30984
40535
21924
44790
17485
2168
33435
10720
57003
84413
75120
32120
40651
51260
9219
2591
7673
43762
6488
51090
16724
6031
21427
32258
615
13393
53156
79048
21202
45491
31419
61288
13956
84903
52057
42
41955
39
45773
62633
59212
50211
83523
34529
7845
37152
36742
44123
42336
8190
45002
37701
78264
86146
85947
67426
23797
13273
12960
12215
77438
41409
4421
78092
58580
26579
65543
40139
83785
59646
43837
1121
22955
12878
82808
19194
83359
65365
61455
87288
23930
60964
61873
79515
44978
82749
24080
64451
68003
41242
78434
53051
87882
54230
8511
38751
20421
4196
14133
37678
72163
15813
25253
24559
14637
64972
11800
54069
51541
22316
49980
64007
71870
45662
63970
31718
62775
59740
33357
8631
25864
1640
39281
6077
30806
13475
24214
7739
7151
20216
58024
42803
27122
75879
51928
37582
18907
40178
73050
58452
8682
23859
80245
48972
38097
17032
34911
39525
2605
84445
61641
17954
86066
84564
32908
540
62434
14827
14093
16416
68273
24986
4831
9694
47328
18833
5601
23234
6401
1000
82081
1600
20407
52088
81930
70716
78495
61552
36808
4932
11503
36572
41381
65655
14468
82806
20080
51929
24529
30097
4592
30180
31934
60166
28672
57804
64715
71430
46312
22928
33850
78706
43222
76813
14074
5481
63232
8325
5352
47095
29694
42213
11829
81618
28065
85674
24097
4048
28159
22307
1322
63804
68793
8512
45832
17888
60783
76877
26184
59235
83291
58121
27481
36713
53253
37596
37283
79308
53448
70166
13793
14104
48449
84324
77080
9723
55741
42500
11994
18867
2011
50258
79502
69250
29428
63872
46584
78113
82377
79032
46044
8741
44988
34563
61941
67967
16583
83664
14096
1016
80096
9524
78798
6008
78780
87278
44101
30990
41174
84739
17281
79270
1237
84142
16150
28747
82531
74240
16177
63325
40766
41308
36286
49707
46459
75971
20401
20011
44084
15276
34878
85745
85709
31293
2676
50762
27407
6427
85548
36746
68710
19784
37174
29323
2818
42210
39397
56233
25067
47693
36869
85254
41801
2995
56051
39215
56481
23623
59016
87003
31332
34258
72069
13060
58011
39639
72931
59422
14608
30249
68561
56089
7584
24160
68770
8158
51865
15612
24136
8983
32865
24206
23817
70921
38565
49279
9144
51962
21977
82359
28568
74957
13766
73846
16189
6243
81238
8719
27310
80358
14156
68429
56564
2145
45016
63846
70629
80596
7766
38701
38391
9836
87755
27108
9973
73139
33386
6346
21659
65628
41797
23195
18573
68879
24101
26557
48857
53603
37958
28764
70963
176
57314
57113
81177
41485
59199
65922
1139
46535
72116
8077
16497
5707
60345
9902
34617
67921
4714
64883
76791
34341
56277
79207
28228
322
64102
14612
22414
57838
86113
29127
6492
83387
10557
38071
78790
46248
60410
78034
38347
53306
21390
73559
83767
10048
11410
80892
48755
563
76120
13912
8895
27258
70686
66119
75626
39454
19298
18936
50344
13649
70108
46466
83995
3153
49684
77710
38064
84752
78151
12500
9552
66915
27913
86706
50754
48569
49002
80716
55873
49209
11558
32859
55136
49050
25778
69482
26899
6386
27981
40108
3796
18575
79989
835
21210
64968
55501
38628
72195
36924
43673
61335
52835
33628
54592
86052
6604
11965
36414
48173
34459
8628
5773
32274
63382
81388
43679
27385
14700
44770
21029
59747
73609
61608
43315
14357
79424
39564
67724
1543
81838
50244
54419
83208
27402
2004
73460
37589
41149
36847
21627
59465
9040
82254
23843
33214
3967
41267
78524
81804
24092
15486
2475
23016
48080
39393
24836
68744
28593
47033
86704
72004
49770
75539
68266
46798
30460
57901
71756
85430
85219
13017
23110
73765
20789
44691
6802
4164
10037
22025
55338
77105
12883
58749
15681
59044
72242
49604
46669
26481
43941
46989
21975
30488
74011
39791
45884
42778
56352
70480
25242
62519
74462
81905
50321
1340
70550
49688
42160
81530
55664
41543
6748
57331
73714
72998
29426
37591
31616
17059
21702
51895
23245
70087
9493
57894
22787
31674
6273
71759
2225
67442
28468
76295
36974
18444
32133
30830
49474
19011
48726
40958
38683
58328
51000
69700
33275
20979
35806
55837
63029
43716
36027
44703
23609
23623
48062
31938
40208
77947
71885
24952
13500
61556
87965
72133
58426
35734
42448
31689
59593
26466
14531
20592
69195
87968
49660
12856
87615
79749
20016
72990
20212
65896
47553
51120
26770
30509
21818
29989
5861
44457
8812
8439
54252
28273
33229
87207
68699
37177
34923
36492
64370
57902
61217
75888
24483
81927
16978
34921
53316
28068
32161
70972
58006
6513
58649
71695
15613
53173
87830
15910
33225
62566
72172
19601
50359
28747
50438
19379
76906
19674
9544
50990
215
4526
84213
36172
3627
9189
6549
21969
78998
11512
33931
85563
31120
26849
45850
40778
20551
48044
30655
36548
42291
85047
20457
72650
63192
23748
41502
4142
63839
86353
24389
86645
9593
14057
19698
27020
21143
62768
53210
11098
6358
18356
6863
22841
40747
9748
1734
85419
74471
59847
39295
82740
44246
62075
2704
62031
27499
77364
76613
78151
34148
49103
81589
30655
13618
5
27651
2217
67217
70836
53141
49650
26455
42427
87148
57345
58440
74475
18264
77917
27927
86796
9265
57792
49199
77643
64665
49187
18753
29341
43105
1166
59204
55640
52729
5512
73671
32789
21845
28605
8892
62405
14978
83644
51728
23702
48186
1280
29317
73987
85683
74604
87604
63606
31050
61705
84728
59467
46208
33801
49210
39423
8130
8655
75484
11101
5288
78628
36437
16840
2066
11781
17607
55546
33712
30054
80389
52896
55563
86094
66221
46126
51
78482
50018
20724
27847
61261
60473
2500
68309
38119
2372
34061
59913
53555
19186
7888
496
21807
20411
19570
1726
45584
51945
59919
32232
33236
11368
74258
57017
53830
54739
78789
25502
27993
23425
63884
86355
51953
47331
86147
43723
30512
39182
27620
67985
61367
47759
59949
56010
26597
1251
70946
59815
15738
51937
82454
35499
54024
73640
22703
22606
31640
87111
40015
29551
48119
72511
6114
86031
52673
85786
79902
46348
79478
87781
1088
87852
24739
87229
6742
25290
75799
3292
86222
82733
15992
71230
24165
19419
14672
52766
66934
78744
34409
54962
84253
66459
43958
41616
30157
14588
50851
22437
55952
65389
79382
66106
62045
46839
47015
83287
56646
29941
65317
78557
34909
13799
57555
29725
65639
40752
74179
16452
59507
63632
8668
32595
68774
22885
76273
43689
8703
77974
18450
51414
65853
38459
46265
34290
1558
11261
33536
6636
13666
39026
63070
23515
18163
62160
57633
79591
15238
30386
61213
68130
12407
71618
19718
26030
29194
17609
73596
67523
34688
242
17685
32928
75394
38523
42187
25697
31287
56029
76555
14687
18078
5984
2090
78748
24482
79411
48169
68118
76714
9204
66460
36488
14235
40874
74230
72856
68284
10804
40902
39729
26209
21278
81400
5044
62604
42794
52750
74887
59150
12556
30682
68900
11167
2399
24298
11581
67476
59998
54370
122
47964
42128
61786
72611
72966
66280
8716
31718
8160
8508
40174
72973
32311
13492
70727
23386
48639
26557
15987
38933
5501
16614
8455
83058
15970
18452
32228
20856
9709
4244
48175
14913
27907
23868
46847
76244
61154
46232
38835
34022
21421
66355
55112
18263
5412
83601
37734
68086
78995
82642
70863
64274
80754
20328
36253
24163
37150
67713
22807
33349
19190
50990
74587
34941
60524
7811
12854
15960
12369
79794
50952
31140
7632
13253
64168
51731
51891
50625
26182
75662
58583
74461
82946
22345
43388
59522
25652
23324
22703
78097
2646
54148
45589
31520
38784
81745
66623
2247
63237
79692
52574
36159
71716
11232
16522
4610
46411
37981
36525
68347
76809
76922
35184
26481
84114
30949
70579
28647
64975
28126
4607
54435
55166
32413
58007
74433
25044
58691
51643
61177
7738
70501
63895
58188
7506
61992
68586
55392
51129
5418
20659
19446
22010
86894
79578
45770
39687
81641
38534
534
30611
15118
3780
64251
36124
48355
80607
84293
35366
43693
59404
69607
73199
85879
35545
86249
3640
4586
69442
22143
27940
32621
54235
85908
72877
44632
37977
4965
24669
42614
43759
73630
23093
18152
51692
7002
16076
66440
47416
68827
20130
26699
13132
6295
61185
24207
62459
40317
29721
77705
42052
17904
63388
62978
69714
18466
78056
23489
35834
36144
858
64707
54392
14265
24472
24413
15220
37167
60775
19246
3532
72475
27619
43070
15634
36186
58018
64550
69173
68736
46660
86594
53927
54700
42560
87153
75947
43167
64299
61383
22222
33198
72141
78412
39554
66973
6741
40839
66138
36376
33508
39867
12065
72765
85032
20463
27152
39929
25343
44672
85909
41261
66751
86750
242
47007
66318
25525
45104
77548
48931
69792
37558
50821
78366
64735
17178
46033
22903
40763
34104
34920
32311
14914
39965
59743
32038
7869
10757
59173
18737
23612
56229
40359
87810
65686
58380
30725
9131
30612
68941
74149
49400
85744
66793
37363
71168
33421
2233
43493
18040
17331
3651
13618
33272
54514
86726
32183
24627
62309
54609
81024
33669
80007
15255
14918
14292
36071
63510
48266
25382
3368
81550
77304
80332
36699
12409
52034
79518
43279
48338
42037
76328
47274
58691
69388
43435
20466
61550
46424
42225
1771
61006
32089
19494
81533
73063
4947
83886
24129
36973
12971
76353
17636
48581
26652
18894
32549
29168
14962
52274
20590
19519
12109
20599
54660
69469
65703
18540
18020
54278
20017
59536
453
21298
24086
56073
29216
75917
67327
35502
74964
77600
45014
2998
24721
63742
82355
55239
71679
64963
7993
8976
87400
41523
38013
30804
24516
14722
79428
22322
50901
87219
21682
6073
8583
57611
26297
34327
1275
46719
16147
7961
69194
43500
63452
70124
23869
17401
51704
44030
85847
19294
34536
57510
14006
9353
9368
58604
80579
82991
39583
50686
64739
3332
18960
70508
54238
4033
23961
73001
75299
32974
14515
41293
51746
64950
9228
37780
28590
34742
51791
20213
64192
7849
10504
66269
66228
2856
57333
53934
84848
14209
6682
57791
3399
20316
1673
23312
84141
2668
14459
47689
70882
71795
28394
7189
81704
32346
85985
27504
43359
58879
3219
6940
28954
75514
45992
61269
44276
60454
28571
34760
59767
36888
16393
78676
80453
12778
67193
57202
72753
76074
6873
39539
33909
24166
63652
20891
28132
68060
63867
16353
60575
4034
12757
68974
79695
70710
17277
84317
34711
55259
12532
46819
81355
82523
38082
86126
39847
50489
48412
4078
58448
23503
32069
19798
23612
55858
32366
367
63345
6315
17452
40925
28564
40296
82893
29196
36948
29290
85878
83321
82853
55681
42734
33645
83347
87524
59369
78534
39174
6920
71199
55134
7599
49812
42766
18665
32193
65584
34917
86844
52628
80887
34291
11479
63675
11431
86138
1916
77397
20399
46972
22672
62417
81495
39246
70603
27505
11830
62764
21251
35712
35977
77537
55926
36156
40452
52755
25255
68927
10642
81048
64891
8392
44096
55518
31257
28473
28718
50959
72832
18663
53961
45615
51260
76911
62304
77667
87699
80080
73673
35178
60459
12242
81302
67013
35693
79545
45354
42636
81105
66912
10826
12003
47948
57140
14125
23174
38536
65384
6370
3214
71445
41722
5964
6780
4293
39695
37146
13504
60420
23161
80660
24993
36579
20289
82052
19312
75248
78810
34481
57171
24920
32977
76076
23130
15206
56483
87499
82403
63159
62173
13697
27238
32495
6472
67286
29585
888
11618
53491
35262
29519
56591
33563
54053
84330
72268
31253
43485
50569
49167
13165
49890
10400
32227
9830
30230
69379
20424
7668
22661
68608
43419
40885
50778
671
62232
42362
36084
79905
37182
70195
58686
11550
37637
63184
85536
72297
44060
12999
60585
11031
28293
81787
12523
56927
83784
81155
64726
33191
36825
15275
87932
67228
25817
11979
49041
10328
50148
83386
41227
26454
23213
8520
33937
3929
74992
46395
12809
73980
2479
4164
19226
20368
10449
54926
27511
65893
28827
59613
69988
1543
84621
74775
22340
65476
65850
53485
75441
86168
23628
65447
69661
74508
66535
65766
73224
1385
31811
61243
65543
13396
20081
57761
44498
5821
43745
22320
70068
3448
60832
1029
73795
22145
53635
61071
7354
82031
5002
24027
27568
71770
15887
63665
83242
44500
31426
56453
19907
51060
60100
29813
20258
79672
74096
41845
70344
36594
71076
58411
58848
63898
556
58176
39717
77451
3985
8930
62793
15473
12874
85409
67993
3757
37473
19126
46213
38993
64870
29200
63000
5297
25108
25703
54747
18731
56984
3954
16642
53636
9399
79453
46612
80945
57023
63708
48323
38471
67461
48901
12072
86638
70278
1912
48250
7555
22603
47822
72353
10695
63734
68899
80163
79934
84566
38322
70153
34944
17457
32252
14882
52777
40921
7977
12337
29908
10053
68126
83564
69901
74360
42858
65541
22221
61132
32920
48633
77059
29405
11806
56851
82968
64881
63874
2994
4199
72533
42654
51184
4063
54478
23574
83313
56080
86208
82217
4312
3503
47882
76970
23993
57518
60967
4527
60036
19623
15516
48597
71703
43348
6949
55513
39343
74063
10605
34638
37577
17462
6783
8165
10614
84798
77511
34598
47455
43336
27370
37961
11798
48598
9170
68668
13644
69724
939
18632
65335
37426
43716
28048
41494
16955
27069
39817
82438
56265
39502
57189
68829
69843
22805
64248
17869
7599
35201
81087
8778
6904
37891
33261
5237
7432
20492
41088
37297
29107
20506
61930
52058
77269
71253
63705
36007
67040
18556
34010
36465
65666
40745
27038
78271
83591
50114
87358
87800
61378
24684
87507
83372
69699
70144
72354
47527
75136
47607
32899
66133
66522
10770
52516
58586
33814
78765
48289
26851
73776
28720
14824
77893
8735
16520
11273
32483
60277
78437
82776
21837
44118
64224
14315
44548
2112
31048
58464
52024
72681
28991
59596
4081
24385
5120
25368
74033
24099
82987
79529
72802
70205
10333
24443
46436
61466
69464
21943
21809
27763
79813
17950
38855
60963
26677
18568
66790
50809
85926
57111
79603
76339
7432
82845
24989
6315
36629
10355
21281
56690
49154
77480
12175
83916
68861
32095
3962
83120
24512
35300
24009
26853
86827
47406
36650
70604
52958
44665
67198
53215
18644
59088
22587
85356
30403
86632
79856
28843
481
70974
17702
32915
45883
8507
652
29763
82221
6475
52900
78955
2524
31959
62054
82346
26833
29837
30871
74733
10337
37238
833
65365
72678
72074
17567
31086
35555
45034
53100
2419
33144
77866
6532
83492
48642
62886
48783
27334
46168
3996
14474
43728
83687
52474
12512
83684
36703
37907
68782
64734
77018
79490
31675
46249
3440
29000
28716
61407
28382
41099
84185
44835
56860
35313
1628
80526
55204
85899
65218
65220
56338
33871
70132
83473
19215
35157
19871
71527
75607
70977
16715
71952
34703
32319
15528
5293
14757
19507
24392
5083
29802
69892
15202
10004
71057
32706
2923
15995
76876
22005
65244
60893
63057
51800
50573
43641
22324
85129
42951
66985
30093
2961
85292
37976
85616
66012
63170
50346
14247
37861
37739
22597
82414
67661
26961
54522
23024
11343
49447
7583
7224
1957
3399
65387
87229
59203
68823
26011
49371
44841
61834
2824
80438
55779
44393
28318
34016
78343
67552
51766
23062
64980
75987
62709
55138
54286
11743
84780
48186
17297
8097
32761
34380
39433
69385
18761
85371
31278
63428
31078
34807
14246
76284
9077
28331
31099
46921
27282
50727
28496
63818
9195
1000
36803
73486
55397
48749
48191
79837
78022
72174
6200
74985
60575
67802
33725
67186
63118
62399
60451
28265
55491
51816
31764
18120
76634
51098
49336
53791
3998
11884
367
40610
37552
36205
13840
6448
35849
15307
61104
11467
73746
24298
3369
65905
35126
41007
74706
63310
9786
22686
81243
82718
27505
37842
71740
75651
17776
58301
83485
24543
72932
80594
52417
70847
72374
47012
40872
19837
69820
81745
57190
31758
52326
20389
35393
10941
18756
63843
27894
206
80071
38538
80163
57168
41503
12209
48530
53248
41501
64774
67831
36561
30860
24912
151
64358
58103
13686
45191
16270
82871
51355
2827
32565
77868
34813
62697
68882
49011
25338
61645
51840
91151
137328
102825
103702
124535
136019
122657
112678
169887
129936
122493
146772
138877
164162
121187
173517
146838
126413
174550
128599
120134
161734
100033
172925
93170
96346
118603
133987
90453
169928
155643
121340
157261
140349
157418
170057
115125
133062
141870
108958
153006
143944
174867
97184
164096
101304
153805
171736
109361
157373
96219
110844
97181
161382
90641
98642
135682
123097
167933
108014
157640
147774
115801
146515
97018
97814
153914
132461
146455
107447
95622
135694
112068
100356
107525
172010
116657
94404
134640
96984
129572
97666
107796
153129
101213
163723
137936
101803
122513
96616
128142
94090
139450
147512
151959
107190
168117
123335
144043
124264
163039
141446
168597
121953
99843
129891
144956
100963
114786
122263
139950
110611
91403
128404
117177
129573
142589
162311
168099
165077
120333
89852
172498
113647
137108
130552
97419
98233
157253
148672
172310
130899
159997
106104
88574
127989
99181
164795
161607
97073
104703
128999
89927
96080
127792
146475
108351
93579
150824
146091
170249
125928
88606
151500
134251
125448
168547
110957
157158
88737
173174
143500
127399
97695
113394
155839
157503
158370
125105
147880
103471
157193
120879
99870
146119
94389
154132
164738
147748
98608
170709
165075
122321
124576
153947
164212
97175
172594
108451
109400
123927
162327
108497
119947
165167
93862
119586
165670
113862
118140
96810
156048
116796
94098
148745
139078
172312
131350
119599
101422
145566
128756
135511
142262
132120
150689
114639
182190
206051
209095
223348
234754
233504
242540
185398
246153
201360
217603
218592
232220
252153
255454
188977
256878
191872
248730
189862
245203
234478
218377
242359
193437
186183
214966
223252
248255
236306
195405
233754
191877
241056
259607
250403
204188
254005
225391
184585
203302
205434
213386
200124
182886
245664
248936
247238
210476
246692
256883
223640
188540
228935
180467
238157
182132
228572
190861
223170
231131
185983
252506
254808
181407
179056
222921
178850
243645
218587
207073
235625
191023
205546
249307
230868
211990
202821
255262
235288
185558
245332
219751
236383
219278
255660
251107
228315
257939
195987
233178
187044
202321
251878
244130
238498
198812
189373
322593
315392
341921
346325
308831
309428
341451
325535
283379
336353
342534
342507
330352
327602
331351
287525
268311
301041
275105
304455
305741
275832
265071
271124
292366
341576
279428
316773
320456
272240
303275
303286
321860
321452
315684
300634
322496
320431
298108
320477
340367
286849
368971
386244
372179
371092
370583
409091
353135
425854
410949
356576
411149
421225
402988
426765
372134
393348
403422
355064
402524
375708
421760
432376
395097
357319
359381
382185
382381
409244
417158
371774
371404
381372
359470
437953
425925
411953
353917
372123
432507
414301
424219
375192
371292
361755
415881
406727
373515
431086
388534
428219
391843
405669
427162
391475
376550
416756
389738
400184
359978
425647
371377
409891
370558
407987
362201
371048
429585
412641
370200
386060
522684
504624
449108
448077
520556
452756
497483
451931
457944
487071
482663
482962
494702
483092
527793
482775
487760
480390
473926
464557
493712
527430
511919
499266
496721
448465
440159
467603
457922
480251
510057
457724
512492
473022
444072
524856
462181
504279
489607
518778
525043
522679
523762
491396
506458
474376
454633
469075
472779
473084
494522
450540
527895
512756
463489
467923
547529
538286
550387
554089
587345
558311
574486
597248
582820
563749
579958
590787
571808
559363
597363
553710
591408
590890
600503
605784
568887
581375
573017
568405
581217
569288
561355
537243
668668
631033
654112
648860
618156
681150
674808
705204
724631
778116
705104
755415
732941
751416
840430
864022
859092
822166
832280
873125
865045
902510
902120
895326
965335
964649
910045
944003
891798
914616
952380
965677
906976
892835
938216
1006608
994819
974948
1015950
1048550
998495
973054
1049523
994052
997117
1037338
995449
1021320
1041059
990307
1005592
998330
997243
971929
975061
998392
1045757
999314
1046395
1003693
1015690
1005898
974916
1019150
1016498
1053215
1021885
976165
1037586
980456
993663
981236
1004852
996268
998880
1001940
987756
1021090
1025019
1028185
1004434
1006174
979664
1043630
1029334
1037860
981949
1037470
1030311
1044282
1032616
988306
970563
1044220
1047472
1031556
990954
1037193
985253
1041888
973050
981756
1007264
1009832
1023356
1227437
1146463
1152745
1187985
1184021
1217756
1207121
1262214
1276948
1260308
1248483
1302003
1280430
1305477
1325617
1396081
1399531
1366422
1388119
1354981
1358986
1344513
1356571
1353984
1393143
1360388
1405657
1394171
1491772
1432213
1423997
1446995
1458269
1474850
1428906
1509442
1570379
1501075
1521527
1548981
1531398
1565084
1629078
1650517
1591653
1625587
1652106
1591072
1615751
1688656
1705702
1721500
1758268
1744682
1751182
1713016
1747496
1734024
1708523
1701494
1751407
1734907
1731842
1679744
1672280
1704499
1748797
1682464
1755775
1738567
1841703
1823425
1818625
1764735
1836776
1761376
1822489
1913126
1912501
1921693
1907791
1928757
1896619
1851712
1956901
1939274
1949972
1987779
1956837
1979856
1939838
1973678
1964767
2016626
1985608
1951408
2009044
1951817
2047786
2051451
2024623
2102153
2102037
2058806
2091847
2130039
2129431
2193065
2189248
2199785
2184116
2114335
2547081
2527307
2539831
2490907
2541198
2469192
2535291
2576431
2630014
2622040
2596712
2628750
2584043
2607556
2619163
2587293
2570413
2603727
2629522
2609680
2570467
2553832
2552752
2567009
2610506
2569771
2606402
2603485
2662184
2692749
2711239
2682660
2669526
2666145
2718300
2759997
2800966
2755756
2778772
2782065
2751180
2761921
2777254
2813038
2747072
2770915
2764241
2793505
2784044
2899798
2825841
2874315
2883839
2849242
2888934
2872313
2865944
2863209
2897553
2880016
2888247
2833937
2899439
2913109
2911861
2979017
2936770
2916306
2936195
2940778
2988485
2965066
2973868
2906627
2988992
2967412
2912685
2991433
2936618
2914437
2943828
2989740
2906810
2972169
3054496
3067651
3058436
2996406
3073317
3038067
3074520
3075268
3010748
3011553
3048542
3032204
3052420
3049767
3182584
3175807
3240940
3191454
3192660
3243669
3186781
3340027
3334564
3302393
3284305
3278333
3258527
3296946
3412140
3376885
3385339
3369141
3381279
3359882
3350283
3442783
3514023
3480936
3494597
3493259
3456738
3467972
3680571
3690633
3649762
3652761
3624252
3686554
3648465
3899774
3924510
3948683
3901526
3899237
3937733
3880347
4083734
4107113
4093724
4076569
4102373
4069914
4098939
4087053
4123504
4130690
4090959
4114236
4122425
4050486
4895355
4906354
4849545
4870990
4860140
4851306
4894587
5002470
4964946
4987949
5012739
4981677
4966010
4980542
5307011
5357524
5340092
5322602
5294888
5363605
5361582
5629417
5566695
5564764
5574709
5568437
5594501
5616787
5838213
5879833
5859621
5818852
5876238
5823774
5830760
5961326
5949728
5902548
5926829
5945478
5960823
5974522
5991300
6038371
6069902
6026119
6049277
6038396
5985385
6561190
6517501
6539340
6551535
6551004
6565948
6554711
6948197
6907283
6904324
6919462
6941066
6913440
6911362
8247604
8222592
8196291
8270866
8236466
8200532
8234625
8334758
8317190
8313670
8297843
8350009
8314580
8317645
8758452
8783308
8760980
8746411
8717214
8714666
8745595
