44738
67696
84135
42189
63598
26114
74540
64080
48936
33161
21910
83294
41769
33358
16504
73300
20377
9834
25517
75286
18553
51750
42783
66373
79046
20896
56465
49616
288
43130
63018
34123
85615
39336
59049
55710
82851
77574
82030
53421
43618
13830
86081
21198
55942
40486
50522
70570
74667
5118
64744
51147
2786
81473
13554
79461
34114
58649
30320
45814
85263
58128
54015
31071
10284
55718
70961
76803
46263
45019
65496
66231
54253
56496
1395
51278
28821
62274
65671
74333
54360
57493
69344
28231
11826
57666
47290
32586
49851
31505
37485
56020
31520
47217
56087
22246
16936
64182
86885
19305
33249
78673
68879
71660
39394
16548
35157
63097
57473
38218
51170
4510
9544
32126
7818
82336
31149
57785
69104
65224
17911
19273
62640
2144
20159
62297
1929
87984
84138
67171
55970
37441
17395
47680
64189
33755
69667
43555
67365
59307
4229
86445
68813
39562
35810
24912
12270
68523
46979
7394
44966
26310
39219
44991
16723
11250
15352
58733
41155
67036
20476
57130
46131
4716
50797
82969
84578
69925
73784
24692
15869
84082
21794
6447
46597
52266
75877
79440
17265
32999
47935
71574
41066
39347
48852
83834
22371
41432
27398
28578
43704
68413
42083
34238
65523
41458
23856
17838
51792
24654
48358
18490
50645
41734
9549
7017
31480
72589
49069
19370
78939
48528
46023
86527
78949
15711
8606
86054
57607
13175
80157
39322
50673
18874
47556
44708
87009
17221
16568
30263
77077
30698
53299
9434
5147
32821
26489
42852
22062
22523
20154
70924
9604
16538
59729
72078
37096
36242
7806
73289
35736
82777
12909
40182
59688
64364
13145
64004
59181
40578
12087
22241
56800
28480
20082
39009
15521
13984
51651
52600
65307
16789
31099
28139
58746
47840
195
68224
12243
22672
53773
14757
51415
29822
82726
22473
64319
1599
64501
35419
19011
15764
33250
4431
24897
87901
50785
46526
85937
73492
49680
35408
29582
53759
33904
46611
31506
23801
69012
50481
75257
10
16135
56070
13286
18621
66783
14659
80647
87005
15957
80332
57267
19224
63843
48205
68732
20796
50684
8086
61950
46558
52125
39328
6733
11087
1958
3136
69615
38483
74359
63289
40244
34433
64912
87505
46770
65432
39827
19618
41532
56705
34923
13988
26033
56863
72034
19184
23975
85877
55963
32955
64226
35389
84335
9725
62849
43503
81390
70951
67683
20800
13184
59250
28452
69951
31148
54885
14723
65795
85113
62118
74439
87919
55625
55739
56216
84834
35254
62506
7077
4778
55575
34061
77066
83034
2595
14438
37822
80288
53253
53039
64913
1922
31548
14533
17834
36847
75429
35286
2053
45798
25410
15034
35565
66284
50970
56250
20637
41773
38724
28650
18292
73413
28072
22014
85618
35429
74400
31115
23123
32614
72394
18525
59715
10858
26988
24811
20281
35399
37891
75879
80216
40034
39509
61543
75501
74657
64791
38479
55465
9099
52800
31843
26866
17689
77375
13452
71567
10874
53454
66540
16440
70922
67665
66333
58
22113
19253
63398
25700
6276
47304
40686
17449
78855
62287
49087
43087
2523
80128
63812
29408
62965
17332
34209
67761
51292
356
15772
13336
57127
59313
77736
4728
32451
43512
75625
72417
49433
70034
66831
66136
20466
39134
44593
83459
9277
78430
3345
28711
86737
58376
46060
17411
16168
12457
76103
48955
26429
70824
87073
30766
42973
51847
61840
58306
69516
16183
84933
29862
87588
6327
31424
30756
15243
49177
22768
20909
28014
58021
87279
20717
69056
77825
63600
32824
81420
8285
26863
23062
21239
6410
7160
19348
32384
37661
34739
46216
77711
61107
24437
11171
86795
62518
40964
32434
17284
31039
26339
64267
7230
61212
9888
19353
51030
59203
4327
16651
25854
59002
54903
81124
64186
81999
18438
39630
78995
9777
9834
85442
40048
1756
27162
44845
46613
59694
81399
79631
67144
55118
8854
11850
28161
73023
82567
84466
23979
46910
4677
77150
15066
86597
31711
60283
65396
76015
17053
50324
47308
58724
29432
46320
16031
22174
24969
46954
33261
11929
11599
81638
85151
36571
65014
68037
38654
32471
1332
51121
73754
31213
21660
58587
1613
38133
86575
61338
53526
38038
51609
29243
11196
35571
22586
85176
81878
25560
42014
58935
37603
11192
77652
2810
76981
14012
70485
4901
44743
17837
44766
64053
81686
30068
75080
18352
81858
74060
45046
17977
12532
60058
39800
77091
6787
56080
12158
37646
29154
62712
30378
81333
26226
29397
26031
71115
38275
79161
68977
67023
81833
76772
7923
47690
82881
85349
70591
48053
57209
59195
28816
65578
81245
35829
59183
63951
83459
60460
20765
83141
41104
10263
14119
3879
59422
6979
8144
63453
20591
79434
2376
42605
13050
39430
61392
8215
9166
81047
10050
72121
40300
80673
33776
11451
76990
74433
9038
67014
54315
70423
68189
76771
73887
45306
63972
83181
51988
5784
80188
52024
69611
13744
13915
84485
34458
59789
78765
965
32194
26361
78588
85040
36896
77444
51999
75251
81034
35497
37573
35158
57322
23502
60450
57011
45524
35228
6426
42929
45936
752
11026
51787
19248
66992
76155
66381
24495
78181
8026
21981
27403
54506
86119
37575
52405
37408
60044
72909
60043
69169
14908
79071
41941
25043
75
45091
70328
52862
53913
33922
23572
18884
21903
76934
75396
28174
8820
46927
20295
60140
84663
61560
34818
70659
50539
43404
30045
20214
74917
37638
7248
81337
42626
13030
76187
84630
70575
20172
72109
72107
30406
73742
9560
82190
4765
51155
43523
30925
18844
26567
80410
86915
71
40959
36280
69836
68245
66457
38383
63807
9537
12143
84834
22089
5703
17496
49153
68705
85219
87361
6994
38536
66281
33554
36642
52753
55470
83700
6675
8334
80792
23497
22624
78927
48034
52594
56883
18703
56037
58824
18463
56741
63973
66846
79319
81768
51213
37292
1657
31141
31476
54537
31794
5461
47621
65758
42973
906
14310
82006
15357
18306
40363
17463
73126
33867
36962
8482
7844
53183
66715
72806
74427
78520
30486
5257
55586
63394
50852
9321
14372
23520
70700
35778
72190
45654
71832
24324
39333
18504
66532
20849
35797
83779
71480
64080
4229
43397
35829
62430
82495
14621
54724
33507
17197
24226
49133
1862
23212
4758
78431
7355
61069
48284
35657
14170
43720
39432
4746
68136
71709
46475
69103
71732
32017
33870
76317
20489
77785
40306
46794
65839
77020
36345
25130
31370
65837
18114
44912
50100
21188
42839
60837
14199
80396
77434
9562
25863
70324
68659
35344
29700
35643
75764
86707
83349
41253
40709
60453
73512
54198
12718
48728
76163
38789
6327
18380
10313
71960
42093
23680
41912
9664
52638
52204
34553
3615
83536
48910
24136
71511
34764
15153
21710
77438
70225
9429
8517
41867
78340
62881
75703
31435
42294
62091
33329
14182
10560
66688
53199
68855
11276
40577
32164
20800
69505
20888
44049
46773
42394
26123
26439
66441
27162
47041
33788
29189
25415
82442
63374
83954
52253
13851
79352
83871
9798
50835
20281
19494
36914
16994
19440
66184
81281
61571
17027
5126
3492
11238
16807
79499
85157
54941
51532
75486
7843
74693
32323
11828
59887
15908
48148
83941
34580
86542
11375
25227
64091
31391
87073
48732
35118
18012
22375
12810
76192
23861
58939
3824
28725
41929
45422
435
14196
76969
26546
36905
76422
85775
49191
76194
67221
14654
17019
37963
79867
51455
53562
9693
30239
46059
22349
67186
11358
61264
15808
4396
37033
28393
34710
52492
39290
63682
37714
6182
3103
45064
27944
15157
16020
44963
50664
81541
58405
52538
27961
67592
40973
718
60029
75554
83909
24324
39915
3258
6184
30790
16854
38516
73268
49584
28622
15618
31429
78108
40075
61527
35351
3994
20812
57146
28682
40287
50833
7680
70760
14269
31539
1591
3530
71092
49669
4035
7178
57537
65300
5237
14671
1246
34932
16549
81674
9713
19413
73645
78440
41646
669
81011
70447
4524
24344
20444
69344
52668
6823
54424
7726
85825
36843
21842
36327
21141
87656
67710
24122
15598
31954
60754
7970
57648
47767
40863
49561
52144
63243
23431
33606
87394
17175
4753
62837
22123
16216
10188
22462
87782
26680
70354
82785
65480
71765
2304
42604
32533
42947
19878
84604
76177
42930
80882
13688
8787
65144
38359
78836
32017
71389
84432
11320
40320
59028
2672
82019
21906
85093
6625
76325
23791
13124
64998
63194
20986
55874
43036
74126
8043
83984
735
46454
26624
70416
73599
43503
78776
53600
84321
62769
15085
18561
29506
25432
46800
74453
86691
28584
4788
4588
43613
75674
58611
24238
21022
41976
78607
15754
67911
46324
52359
36102
57686
33569
43279
22853
55708
8701
51986
10111
13994
5197
66746
14746
42406
18029
43937
48891
9168
46991
69766
3164
54750
4658
23541
82006
59838
35360
41621
12152
52237
48669
64192
7747
71100
31965
79237
44845
45646
86401
14290
69885
86519
26109
42468
38616
33854
10885
18860
45806
50435
59450
74700
35393
26767
42123
54778
62457
13392
11909
37550
18549
40520
78143
66810
78739
71522
17774
54129
75542
87467
67056
1293
70609
481
8461
86677
47741
64844
22797
77095
28920
31515
45010
65240
17439
65466
22657
63995
66036
67751
37856
25427
17438
16789
64691
7924
52083
29895
61305
14938
34082
57022
36996
20988
4862
62614
15713
42875
57875
25190
62907
72518
3686
53869
49958
15914
37902
27643
58406
86541
19162
71743
14393
76464
52895
74859
22073
1595
16621
10342
14115
13716
56342
70806
79579
82742
40812
47923
63850
35074
25228
10819
17220
47769
40316
60944
85136
22122
66658
51258
41544
75866
86672
56728
53820
56346
30979
4792
50314
73219
14233
52448
54126
3157
11568
42211
76163
69882
23189
18961
49570
42593
66039
75801
50206
9158
3482
48908
15362
87284
7176
19569
38770
6922
72499
40122
34482
70614
31372
23370
4450
13044
31444
69848
72167
3243
57053
53079
44696
79011
52238
65165
30255
60259
36916
49275
29119
69477
27411
25030
77032
15900
38703
41696
30501
19076
47665
15040
43849
46596
4874
87850
57234
28082
18062
84485
5329
60942
50334
76117
80869
62176
84663
3803
28688
70785
44836
72298
26485
86987
17296
1933
81822
24591
49119
19076
16558
16858
61115
32735
24668
49397
34877
87421
25847
51288
51995
55906
7375
50040
9660
41929
35783
77288
15490
10370
10780
74801
17450
41886
4253
37644
67767
66617
11796
82310
70690
80945
86826
75427
22885
72587
19701
53389
38306
48725
58907
5244
78266
51781
76710
19611
66483
63519
7690
35740
85802
55931
44151
87549
57727
52217
69921
74198
10213
68319
17004
43385
48396
38353
39792
47892
9246
34124
46778
80147
7415
18378
75276
38769
72521
29646
17125
27705
46169
78411
68349
72289
23146
27010
52197
44596
78239
9952
10582
60752
57634
18144
46977
16545
32753
47853
85797
84294
23499
79514
74043
11452
43956
18222
24651
70905
28065
57169
4616
41477
35396
70285
20780
6584
33038
15955
51610
59356
41825
8471
48613
57595
6721
53248
7149
22620
54241
38502
14228
17792
71450
39800
53270
2257
5181
56782
20866
50563
59754
21898
15573
53398
62415
53702
60605
85365
23578
51217
66227
62886
33836
37223
51912
34660
71344
61942
3386
10006
78853
74650
76680
52911
51882
68969
81042
67608
38132
15716
64318
69675
63109
3181
41155
47161
50154
15253
68916
23949
85914
46850
29298
40250
85916
62334
58930
68406
76709
63996
66235
60449
14108
12160
34220
28425
55105
38998
61822
7544
58911
86399
67759
19273
64412
12815
41121
66552
84307
86230
55503
54348
57620
44314
45569
12606
24674
9959
66829
27510
22422
50385
6342
41256
34184
111
17061
67729
45483
34420
54583
72566
22235
46538
50114
60791
2002
33318
11636
74335
10684
20947
83151
83731
29593
14223
57749
83482
23551
34842
39306
16522
44120
24507
17514
71434
29242
52821
85472
24263
47711
80424
29409
13762
72402
7580
8664
22443
22684
8888
65884
21174
66746
58869
50324
4648
5482
31669
34589
10673
11661
60440
66004
76797
6151
46647
9327
37250
30205
51065
14962
21526
69444
82531
53021
60537
77572
42376
49932
64412
64449
65469
58458
55832
80428
71592
62557
15179
16199
87198
17320
76803
10246
6775
6083
49213
57523
70927
33758
73166
37293
20940
87677
51155
45349
30817
18411
22212
36723
70102
55557
80081
52498
20885
59645
73892
59761
2701
50142
71819
31959
3567
86627
12368
82247
28913
8325
18072
56604
40038
2565
42788
61011
30049
21724
41909
66424
26347
50813
29356
21861
78924
42518
5394
76084
38861
6329
69305
6764
28786
625
78820
17948
58281
32404
42079
56973
78753
50867
87749
48119
20925
24332
24230
42363
61595
38758
29185
75239
25098
75570
20392
33579
59276
70041
66841
40798
38619
8867
84150
60907
1815
74119
23542
41829
51872
10705
27478
12795
41625
52699
60076
16793
79960
29453
79061
20154
41651
34543
51802
85291
8843
29506
24067
5208
59545
69448
63463
46991
28918
49442
21394
2809
2376
13375
80813
2235
48866
49731
31297
25792
63948
82320
43178
31360
25783
52139
23956
59464
71369
53004
44791
14781
10683
33801
14602
55260
43342
48555
65535
78070
86892
33797
36872
63067
2525
61109
44032
24024
9913
52808
25909
27549
50600
54978
32951
65913
62672
18482
31546
48391
54081
28548
10650
14643
71900
84060
9794
41110
84885
38997
38306
845
66000
9860
83360
57653
73050
55212
78554
2749
85535
61093
85097
79841
29803
75883
60949
6868
54954
42795
41956
7629
73171
30835
61111
70273
60553
7094
22388
62272
53394
65044
24255
41320
87791
43888
41642
62079
33953
44071
41316
8906
17819
20655
53406
19058
37748
69466
70667
76746
29514
74828
2928
11190
37270
7493
85783
41421
21748
20148
41052
71305
20514
76747
56165
47385
46129
31410
16976
31090
87246
34346
7273
60089
41014
55050
28049
61235
74871
26536
10032
47291
66113
72139
40061
84768
69841
58950
33289
4000
28945
87982
84514
83305
73018
23156
83309
51110
24039
42299
15894
64151
63781
80992
74369
28322
52514
6662
1031
4447
46994
33467
6295
25658
52541
54486
665
38134
42218
64788
2414
43726
78157
87965
17998
8712
48739
77814
84292
12016
37809
52466
66044
60180
44428
71775
2956
9492
45519
4883
35937
49382
26343
82345
6287
35071
9304
13594
5172
65215
39268
67504
1434
66064
8100
54179
71194
37556
18940
10135
45473
67869
32375
46485
30441
46642
79263
67770
2098
36109
38129
83343
3961
59716
1370
11830
12734
4736
38504
77849
1340
9864
20757
9461
67107
59108
25759
2469
13385
46991
10192
73651
21825
12603
6580
39659
43938
39000
52756
25542
69401
86193
7479
27131
36151
12864
5482
41237
5483
23460
39852
85370
71789
18018
11194
26335
87161
64707
65648
38992
72455
20935
83895
49725
54293
60329
67395
14182
12405
69183
71553
74194
48933
4089
1034
21590
39775
33305
79273
33142
3838
46578
18606
6392
5693
31258
52699
15838
18754
39533
74223
20882
65399
35724
6370
84532
82550
61789
9207
55884
13335
47754
31658
5950
60128
79386
79386
28577
18573
47414
21133
86756
74195
21352
24355
45702
68049
74287
31404
1211
38721
136
6228
13786
68855
8884
77037
13625
68160
34823
79778
15086
59037
62041
53327
57605
63231
27979
18303
3416
16168
81149
30116
81459
42726
30486
49228
5833
23501
54414
15077
78588
9035
84136
84247
81077
36654
72319
17104
26097
87312
63919
12472
15663
74194
67021
25463
52029
54576
64061
80744
59663
81608
13462
69004
53090
12504
75517
19034
86677
12240
15179
4850
11469
42660
59012
84284
25965
68168
41324
78377
13249
23982
49359
29538
3070
43746
75826
86440
58631
5474
45519
52737
26639
2063
63224
40535
53710
17287
33286
83693
55887
47259
70697
1314
43266
27777
43188
66217
67393
25502
31896
26778
8617
54109
75754
80
74026
17232
80060
76104
59013
82489
72680
35265
48365
34956
27506
77735
39730
59839
22879
10477
83770
81004
7144
82972
77775
61585
77416
86796
17306
61206
56858
48079
12122
6785
76259
12761
894
80833
47422
1924
24541
18344
26426
83428
76941
57479
54460
51103
18979
19312
78348
67000
33759
70551
86649
16907
1046
74408
42390
49369
39190
74485
40437
50934
61936
745
658
46932
53786
80818
2479
15354
2798
58229
55896
32741
17187
7614
2708
30499
61865
60252
9554
85672
76053
17265
53931
49371
87483
48905
70105
57783
34904
51770
84863
18037
18238
6203
53563
48619
26098
46329
48989
73207
29129
70745
80401
83985
26934
5788
75590
20085
37815
1003
73836
8139
17143
22701
12258
65605
68009
55473
2265
13871
21477
15667
13958
69765
7070
55094
87825
87162
21371
61897
74133
70375
17572
35609
53842
40745
86010
63101
29116
35603
81399
15835
72906
26304
71320
28768
74439
29236
19030
71370
64417
73407
69090
42530
51088
11406
41110
9987
5203
32973
73175
66799
84393
38888
54971
27437
52072
10232
85352
9257
60546
63662
58395
33162
16359
42646
59267
51800
38093
21708
34418
10575
69578
1510
36984
76103
81082
48149
23153
3988
46152
59950
34795
54946
50836
72860
38181
12504
7502
30734
20356
52052
65304
48805
2341
31871
33367
32491
75560
11525
12145
7058
85243
57434
70376
29984
74340
47379
52176
71
42881
13050
24112
31394
82037
26556
31695
17264
18626
45054
55363
17295
9637
12450
30969
4232
53689
1000
20026
59655
10251
62939
61421
4118
79608
1234
40728
51360
1859
54632
80423
78940
65195
36048
24261
35389
33159
66187
34831
3231
28103
31123
84500
42936
39761
35829
72949
63200
51423
39085
28217
86848
28539
4403
57433
51226
41919
80400
44083
35570
62554
63727
10315
79588
39863
5896
42607
81517
12699
52161
31374
16299
2243
23447
11233
13730
27549
17484
75251
21268
25078
13783
51780
11463
41920
74435
43238
84233
36791
20733
49795
35556
61538
84419
73033
24729
12150
25755
85919
2758
64861
29784
18705
8007
46858
60434
6506
10509
5161
30934
24247
12624
84505
31827
51757
639
7695
50129
12005
25899
72146
31190
35039
47595
9629
56472
87138
13081
87672
59965
40579
8576
64131
19639
71751
13036
87423
2402
43769
75813
8769
66903
15790
5447
48882
78226
84087
52256
49480
33119
86135
50654
39234
33000
38751
87594
10323
83068
59180
47398
32328
47103
42881
72398
25954
59688
11520
1913
35276
84067
27747
5733
24958
20010
4319
47771
64591
59475
70703
9093
30751
29476
48244
6199
73966
81806
74246
62094
48561
50713
36327
54678
7996
19099
49276
5599
76324
85701
71256
17132
39455
52646
53763
65891
79344
14722
85284
9013
29162
77116
33926
10570
87386
86264
9824
69324
83778
28557
39985
67176
72435
55764
19872
73457
68280
85486
73282
6591
50584
24828
20841
6334
37844
80785
19181
45073
62365
83248
41591
77666
24291
17049
76286
26781
83124
62959
78230
15531
58374
65049
2979
78189
61356
7669
12501
74606
17058
74410
72279
87633
77920
63233
85110
64407
63559
75319
79866
65482
87271
21439
73669
71811
7514
44386
65950
13986
75763
31604
53594
20837
43626
3065
25077
3603
14721
48494
55669
14260
35659
9109
45274
49718
32156
63127
59281
15688
7201
7881
52868
85018
54419
12625
9847
31668
18721
44923
61846
65333
62627
30124
57367
55646
33162
70993
69312
60619
81622
83882
71701
19802
40129
64288
51447
52647
86037
63287
11870
43515
8203
67212
28450
36815
13613
12006
73587
66733
39379
40762
63724
85731
81256
14815
81929
13184
39146
20880
77770
57281
5430
15238
19
45993
25302
62279
63697
43507
74109
67596
69544
77049
67084
79974
74458
63669
73816
33803
69210
22502
849
87191
63235
30521
85816
49682
61482
36886
36599
80977
14327
2340
71819
75766
9346
19096
37740
57393
67504
53222
81698
26457
87935
38798
18063
3067
4250
72451
42184
64472
21656
77756
78125
58879
15694
73795
68130
24200
9779
36840
27445
68965
50860
38468
71389
34173
79102
42169
10036
1221
60623
76296
21501
72105
55676
3930
8227
25924
87685
32631
57875
71920
262
31189
60031
33010
82308
79783
57306
60451
46307
67649
72301
21299
61795
3362
40799
6363
40503
32991
75498
63382
77468
70611
49242
2303
25096
71649
9021
60631
83522
25336
7589
46800
71027
54965
78071
21495
12051
68377
12868
61460
32586
11488
48650
68707
78482
26357
87990
63069
87790
47982
84800
19701
15806
44696
23554
36412
33273
46693
45993
14994
75577
46164
71794
20733
76792
72979
82150
3986
62796
41023
64350
28766
1608
26348
87003
78728
57932
24659
48527
13821
42059
62399
78442
51958
32999
68726
53498
4997
60276
316
37139
29567
27582
30921
19113
36356
3426
48537
85614
18734
34882
27852
25123
84126
35154
83183
85367
30415
80449
65254
74902
74746
76883
50230
75446
82360
59700
30225
20809
24889
24651
39514
69354
63839
22899
44412
1447
30453
66955
64664
31865
52655
74433
80906
60898
31567
28490
18498
87591
30136
14143
21309
76007
65862
26295
4041
46380
78
25203
9279
59950
85084
69510
49505
27219
76368
36782
81591
67448
65492
44658
72833
6969
21390
60075
25140
49258
48848
87873
31726
59862
14806
66068
62788
80403
86581
31015
34187
78955
21485
78267
409
2949
44763
9995
74951
15707
42978
26394
51592
59770
53987
87257
41367
38439
18589
38306
53268
35552
2075
51566
50259
12458
62446
13434
59217
74930
49258
58615
7871
61508
60699
75739
76918
32374
78075
84045
77602
72348
10474
83779
60527
85190
82649
80761
49201
42593
27326
78443
55806
61202
76888
4245
52012
77665
20880
70304
25660
36735
27085
60402
32793
26591
37479
9889
77153
12132
32676
27887
1624
20310
48733
42089
25723
62312
49314
21520
37754
52292
80893
46763
33419
3272
4482
74967
3870
30533
18652
64730
9074
17516
64385
21119
49587
82115
55057
39303
83026
64497
591
2313
58357
61419
6590
29854
52989
74002
47705
28838
31006
3693
27023
80628
75817
87958
29424
75993
49686
18993
55147
15453
70668
86886
15801
31645
40944
47622
27368
87557
14232
65295
5886
22182
80120
65098
12840
82591
3430
82177
271
22629
73105
78452
84006
78618
56044
32185
61445
14734
12196
83407
42003
2716
43614
77384
84047
37804
52553
78439
74003
45778
79311
39148
82359
8614
1922
69865
22683
87731
68904
2782
13990
57191
7093
70587
7734
49091
13076
13590
39637
56254
83374
17543
44105
87266
53972
57687
56250
35750
6284
28278
71310
44056
14810
29127
47205
20470
13849
50240
20218
1467
7801
29775
4613
65171
40233
75436
72690
40355
24385
80201
37289
39152
77915
71259
82617
85508
73658
21136
13096
7457
70216
33928
80515
46691
19295
23911
59514
35796
77343
71524
80518
70909
33321
62012
74916
42258
69139
21338
5754
7438
19281
75472
80928
20621
15312
28284
15149
6989
75024
11480
41948
76800
33764
68254
28265
79575
48784
83041
46255
43124
16816
40374
56888
84574
57407
25576
86345
38259
77970
7640
40111
55075
15040
19713
41818
26652
52333
76038
34887
64632
15669
29365
52317
73189
21282
9584
4057
33611
44036
78258
28392
14928
24777
7731
47284
71903
61071
17949
67941
72839
76332
86590
43723
86837
86273
6463
27594
30134
80973
1180
32919
43802
62577
31427
36920
18851
75183
413
84812
59258
77313
69262
48206
51235
43275
12197
53930
30387
52274
84211
53098
80230
56040
75859
78756
35581
484
58336
38010
13012
71933
47171
66532
75572
19228
73227
59352
10195
80355
26880
3622
62147
9543
14365
80906
84063
33587
3455
41346
26877
13574
11333
13920
87865
37737
72140
25217
76645
78974
27975
69848
43257
82085
51514
84296
21246
87147
76181
60503
2023
16316
78275
29938
29971
29653
31332
50421
7613
43888
68464
58270
26149
24459
983
39986
62491
73678
28212
11809
37378
2117
41917
22029
58043
61603
12524
30005
61137
87436
44966
20132
51710
15645
20634
11653
76806
53542
56081
32745
55259
47760
4759
5479
26955
27342
50984
38754
81090
40807
33168
18605
84051
56183
85421
57605
82093
4353
9476
79452
56988
39558
31467
75176
65603
12321
87409
15431
1978
3356
24224
32720
20769
34677
10425
58875
50946
12892
14032
12360
65309
36628
48598
52940
9614
87014
48221
75959
84104
85045
59715
20992
79635
55183
61215
1319
847
55249
21043
22263
36803
57938
87987
61738
62198
87563
81262
49679
21781
39882
9591
72742
59361
73441
5615
68611
21561
4897
13796
63857
39299
34042
75929
61048
15243
32035
76278
5904
17346
20270
78840
31168
33308
51810
6117
77021
50120
61656
47775
43862
10456
77106
85796
57847
74143
59303
54716
43429
65868
63337
3519
29278
64382
567
73899
15561
42429
47765
4161
56444
28212
41046
67774
70821
65225
86393
58706
33136
16569
73515
63978
46449
75481
47819
55212
57123
29944
13131
45644
42507
27266
81880
10345
10092
32766
58498
30279
74968
53743
56661
53902
668
48691
31910
66399
17638
26449
18910
45845
87324
3504
69172
24374
10691
9941
86218
1665
72364
6444
28296
25334
74870
49109
13990
41001
58612
67409
18756
61517
12411
22024
77558
71714
14571
86614
4503
49119
52706
39764
14657
486
71840
80015
5306
13597
54396
3924
21373
9788
52269
45477
21736
59781
1734
44672
77796
30724
15438
20135
8591
48704
35959
60893
77608
68977
67851
63836
26577
66945
72036
61336
19294
26507
6058
53311
61656
74641
3459
50212
2860
50202
27201
30962
16855
33217
24936
68589
75068
72116
44234
50466
20388
18034
59286
44123
22703
69981
32254
32727
22476
59232
73598
8003
27690
1287
35194
46516
79971
49952
72047
27894
75889
45043
10386
70523
19759
10646
30384
19564
85403
45938
47515
66262
83921
66879
18662
67185
79496
86399
18005
87269
36874
67
61672
43208
54241
46315
37426
78106
20412
78161
48570
34208
39086
72887
32541
43257
81320
80583
44808
17628
35767
80595
3918
69696
57695
10331
27765
7308
12148
66786
41612
61741
9691
5042
47689
59500
21207
1189
19561
19243
30462
84522
60779
74997
80219
46326
77991
33721
6524
59542
16931
71046
13941
77103
72107
17286
36898
74019
38419
53325
45865
16978
65583
60918
36997
86772
43342
63370
85031
76899
51392
13371
34618
25968
41989
9908
39552
38341
26539
56197
70494
87595
13832
40856
30451
76738
52334
84884
4738
79262
32882
64766
76080
59662
24180
86609
23759
5913
63532
48925
42428
69152
73783
50439
64069
64664
4320
31216
60484
68283
32763
26064
30515
26646
79080
27763
53372
83160
29646
53273
52273
59511
67518
11250
19775
5755
34766
35720
87078
20170
53263
13159
74686
33388
40164
9207
47819
78740
45521
25119
7422
57437
20004
63289
4944
11718
2944
22493
36185
34657
35680
80269
24996
86519
22656
80031
41451
5399
11745
73611
35249
36162
66769
8616
44381
55447
60580
48879
82923
32586
39978
81447
13193
82768
27255
23255
41571
62546
18784
14288
19588
65826
39882
83783
68243
15371
42473
271
16785
2209
25452
15102
52898
17118
57127
67070
56079
65381
37532
55000
21680
11906
70951
59228
69539
87574
56264
33529
30488
51050
26386
78375
41015
57363
81554
7452
65194
23979
81517
75149
20334
74427
41562
79246
22044
82209
71957
19722
26428
62127
62803
18189
40847
79873
4819
10753
54669
80860
44819
35369
1935
64148
80801
12427
46368
53830
63623
49514
46152
179
18811
65760
45202
11929
12689
32559
42180
44447
79657
50368
36986
58965
20382
23723
63949
49121
43618
44008
21641
42176
69232
17898
40936
9315
59789
52298
4456
57911
73155
61870
73136
27402
33261
76603
25929
67509
14628
56033
59572
16437
40620
57651
21323
8037
23151
80113
19127
83505
14971
4256
26282
26369
68364
52026
3737
20702
60769
20196
69905
39159
76744
66598
14758
31697
56943
47960
1912
9920
81106
55078
2881
57642
72413
27386
45128
11819
36701
42338
63616
50790
60233
73228
40919
7069
62017
86343
253
34480
29441
24433
41391
73843
63270
69393
12136
54944
7327
62177
54730
6567
31180
46328
39884
6598
15144
50491
48222
30036
27628
71615
45157
340
55367
4884
79927
15376
66705
32029
64804
28497
37128
1344
56972
3139
87086
83673
8644
79335
12403
46526
9054
51333
56157
86210
79881
25472
60369
70094
59886
27559
9715
29873
13923
40006
24184
73357
42580
20084
77657
81704
62076
2233
20331
54618
54458
62905
3266
33068
58835
7687
28686
76537
19272
23576
38911
18922
6124
67846
80478
22527
44382
10915
70811
80680
17094
5417
28425
58689
87709
81267
2512
87085
7104
20293
20683
77244
44621
46817
76988
80750
28160
58279
67378
7223
85290
16778
86291
14802
32754
53967
73085
3478
78732
5501
70143
23071
41436
26327
81698
46831
4879
66423
42470
22688
25388
8857
23640
51670
29359
39927
43527
8122
2518
14497
67913
19303
9738
53788
27005
63155
56513
46491
85288
22097
61750
50713
15299
84242
37399
50908
39737
74215
43773
64441
68143
51488
79907
12240
17491
64705
84111
25165
32119
32918
80924
73032
47052
15008
75351
8154
32820
44783
17178
40462
39184
15200
70694
23956
28447
85818
68780
72445
81604
61281
5672
59796
59236
84919
78935
26064
54613
77975
82870
4095
52789
10985
51792
48243
1061
29236
27542
1092
27441
49775
82853
50997
26217
67253
66550
65627
6791
18169
609
2910
83242
1852
86741
57001
14071
27509
19980
41939
41140
47631
87343
65392
43899
51828
19656
75640
42902
6295
18390
66308
1265
11933
37656
15662
6871
74178
30316
80339
66686
3440
5233
18219
74807
81126
75804
40900
80131
51152
48965
57691
53396
20321
68551
25488
63496
55369
30109
51887
23683
52039
80692
81155
64639
34567
68257
31668
8634
8909
73348
57319
6479
32857
39659
6186
69238
54622
73065
9769
41770
11799
6864
40160
38678
10931
48800
58163
369
22302
32601
69377
38439
58977
41288
61347
29482
35283
76146
23919
7418
48151
66820
37719
29634
36359
58688
5385
18811
21164
7236
31272
79137
19743
76084
81064
9425
24398
18616
44798
72548
73660
75587
82117
74614
32036
74407
50853
43169
50861
86160
25326
39024
62352
27096
77541
51663
86217
50250
64200
5223
22328
17353
16781
23863
12363
23329
32083
2838
35501
8357
74299
32573
63858
66643
8364
22484
12449
35754
79857
87632
39168
54125
82983
72584
24400
73695
6506
84901
30184
36699
65096
65616
27597
47602
59151
80250
33914
52965
25446
66730
74764
40981
66438
22711
35863
82176
7914
24626
36586
64961
73253
33439
42397
54991
37025
80299
27761
57664
76787
76553
54043
27615
25755
37148
43615
76788
21354
60564
45577
38971
36132
30560
36017
8273
59116
42404
18942
21092
86032
49203
82566
48901
18105
11807
6504
86300
36885
1025
78790
39739
52173
24748
70154
65339
84990
86013
27388
49224
59088
44168
43727
50953
26231
62246
16764
64293
10901
4361
47159
12887
81925
20900
37435
87952
71184
61907
14869
18314
17410
33057
4827
16193
3133
66604
3172
70400
86017
6598
44395
3793
56676
4367
45402
82907
38663
43503
31890
48506
21127
72056
33854
59815
27784
79202
1392
76511
3817
46900
71771
1544
58481
18811
31865
75734
2197
46730
78880
37492
14764
34337
60070
72720
58708
82308
18399
98
34218
6626
26564
23280
40782
9703
64841
58559
22127
15112
56435
72902
759
19653
44775
18190
43493
82234
49914
67080
20013
33537
78134
5696
62798
28436
86076
83538
76992
1056
57773
71113
85364
20191
85257
59817
58783
29694
12351
79810
81315
61934
7053
1428
45641
41064
18060
74980
67507
43437
80883
10455
10417
42749
26209
84119
55335
29989
20679
70840
59450
19213
81935
81982
34908
45988
2465
69749
56397
74222
77043
39093
15379
81306
53224
61565
85479
81817
35031
37396
83485
16827
79317
48991
59536
32329
36506
72938
77214
23249
1876
12321
32615
86520
76012
63813
58175
36695
8052
15914
56562
29237
45867
50418
2688
83356
4627
2275
56262
71421
78974
1618
4610
58701
73162
81296
50291
11196
45575
25526
7957
2468
84811
48199
4205
87224
4674
28499
14899
51328
38339
60757
4760
5190
8542
76305
51389
82658
56883
77938
87615
85296
6771
45845
45794
18638
32667
42295
60967
46177
77323
80477
81629
17650
43426
5875
18696
38674
76571
61423
67097
14872
79319
40347
14423
35442
27197
57888
76918
51840
79935
18848
69550
1008
79842
55427
20221
64673
32740
26906
11778
30122
27919
86368
28490
16498
69053
11328
23617
35990
17489
77579
48615
13670
29217
9929
75886
56762
73810
18737
83604
51241
86200
19267
32890
69693
85710
78010
32295
58800
47959
79538
37330
73614
84696
83904
29656
49951
46991
63771
38088
53929
87778
60039
63844
39996
50971
17123
49342
65630
75285
50882
53726
23670
11609
15322
22927
52369
79428
40099
72758
48585
44882
78338
36653
76936
65110
30112
86799
20091
87686
56402
22451
37634
28406
32832
45170
68804
40059
6110
12089
17998
37546
67709
56529
61970
25305
11791
65034
58310
27162
49902
36150
77816
45955
40008
26988
61434
21075
51831
43598
69332
55316
62800
55580
61258
37114
58306
67524
39332
20304
83641
34698
10252
80660
24635
85179
72429
63335
35468
72687
29499
78813
29220
69183
64505
70482
79683
4030
76749
27853
5565
6190
77554
26717
32834
66303
61026
31102
29595
1594
73478
53173
40420
54019
20844
85053
43624
47882
77604
70442
83144
2790
37309
73246
9377
28718
82767
81287
65219
65390
30871
59051
2848
73664
77468
16086
86206
42760
56882
37278
76807
25049
25783
48809
7919
82298
70544
23032
48903
47508
35767
84164
11635
57402
37348
60797
2890
15221
12978
14185
38545
78947
6257
61330
85628
27195
12663
73554
69238
71453
4710
62459
23002
20448
10702
81755
44051
18673
21675
19490
9476
76521
67774
23224
67174
15978
56654
9079
69508
9282
25807
48790
31636
43352
22183
87071
56449
32494
78702
77288
48555
26185
77449
52619
63115
3451
76013
57381
54969
17021
59916
13554
87350
71435
85916
59211
5169
82736
47080
21664
74792
45382
18195
40148
73588
42966
33027
68908
39678
77760
52040
68246
81452
33682
57522
41538
21104
38076
72960
25277
30727
33790
45098
33783
61163
53929
123
9940
15023
78393
41617
48056
83040
77387
86555
53806
30057
65714
69754
36277
70947
60044
46106
41688
11366
75744
19005
16730
407
38076
34618
45305
42711
33429
74716
8956
30867
51086
11946
25925
43907
82146
38142
63044
7025
74349
79044
986
61406
6498
5277
72643
4368
84623
50462
24447
41778
86671
14603
63010
29709
52674
71954
39931
15744
6160
32963
64091
62447
72814
70776
5160
72182
24356
4627
83737
66635
81416
57790
80600
20219
56254
78123
16698
68594
13312
22786
54645
48340
58790
31226
24599
3594
780
71422
14038
35911
32156
31231
70157
41823
31616
86454
7541
38757
80471
34204
63562
12221
45690
85777
71226
4448
72331
69241
69354
73540
32805
57109
12466
9233
31779
49681
57514
29833
54732
81364
85542
40351
15002
20307
26345
42934
85397
79793
19515
14144
812
10882
24851
57172
68840
35189
23029
72733
6002
11662
21069
23147
27768
63028
21004
64540
60561
5877
15137
54061
72245
31901
65877
87055
5360
8736
43481
8858
14539
67872
69876
57466
27997
32702
74040
17385
73690
6790
50304
57521
54353
75457
47584
79017
86616
26444
62942
58249
50030
36684
47592
8680
82224
9314
10331
64379
15941
58004
71251
81949
67495
30290
39704
12479
43570
8104
12155
68249
438
30494
77887
68934
40144
28984
60910
67682
57779
33373
43009
19143
21905
47301
22104
74480
17057
5528
13704
17369
49107
50537
29023
56379
84786
7042
47485
56425
72856
86459
57644
60675
48907
5089
15892
76339
57071
6856
23512
21030
59918
43209
6997
83610
76050
37427
6191
48899
29502
53818
6876
55209
36623
79829
56627
20470
60299
58956
2733
86386
79442
32151
83225
83727
54810
69192
61713
16948
28728
60597
81498
23196
32145
68938
21298
75630
2961
46107
60612
29999
79806
62883
55623
28346
22714
54445
49155
33694
69298
43088
9513
15747
59858
27755
40102
61330
43359
72757
49787
28597
17208
81825
6981
51726
25606
82697
76545
19850
22258
65705
10807
25050
72759
30102
30814
44575
24007
6173
30873
27703
34430
79949
29656
9404
63931
80866
69529
55857
52585
23980
61872
84763
14927
32013
86057
49526
21581
14171
4102
87177
52859
85115
83632
59517
49012
72374
14013
51951
42925
45566
83666
55944
13467
77492
4801
86959
53189
33909
17001
2573
18633
1932
72737
6259
38148
26484
32348
24434
3555
43828
86100
79288
9526
63806
41693
52889
31262
86365
70131
12787
1210
42936
8420
75522
53937
71910
579
74742
43570
44283
17719
53108
7897
77994
87898
75086
28727
12670
78567
32278
49420
50682
32730
39336
7377
30288
65120
780
76888
58805
10505
68403
57274
30513
83923
3787
74464
42028
9905
57361
16121
25512
47892
80633
22400
41862
36903
45118
10308
50144
41881
4286
34380
50666
33677
32667
9917
40181
7757
83679
68561
61469
80406
82053
1473
11056
54836
30283
37475
45696
35736
16300
52061
61766
86005
72948
16819
42208
74027
79857
44303
30163
59580
75484
30835
16057
68936
64265
9508
6617
1156
31320
69182
81089
11431
24502
48166
77677
34390
77437
76204
64830
63576
44683
28872
59239
50893
32046
41198
83098
48256
55249
58977
12200
2447
57230
50898
33355
28870
13595
53676
60708
4420
15700
20248
5508
61649
14071
2366
41989
56189
78508
67587
34375
33459
63859
3278
26330
61258
49994
17214
73142
21385
15178
64952
23351
3539
55417
66441
63844
62205
43143
33216
72918
39208
23527
70608
35312
26914
22577
42038
11297
60583
86727
45436
34417
30071
50994
25443
46421
5714
38791
19136
51947
53759
33090
9843
9212
73348
48469
25601
17425
73042
72504
36787
86955
23990
41793
72045
57061
22571
18929
69827
53006
16132
25248
23463
56366
24051
57108
86674
33988
25202
72520
18968
41770
87641
69531
77743
74803
27375
80449
28070
38429
69391
80850
62109
6377
43831
77933
74201
21719
630
76316
33384
42242
18934
83842
83816
40849
24750
38424
68535
38057
87066
85757
59918
10972
56483
5296
15804
83275
5080
17889
57104
41036
23593
23347
85750
12194
28243
34490
57188
5041
33400
67893
60542
52695
82298
83209
61832
61250
75365
13241
46062
18495
74336
56017
66059
36318
18869
62026
54985
74261
47051
71335
78508
363
83396
385
75662
56212
16574
37158
56535
46596
67267
68262
66748
66684
66630
3543
87716
65154
78881
31311
61402
16533
76880
75060
79370
71293
29778
84125
74543
12032
72443
2142
28855
26672
60991
63900
29351
24769
24940
55740
35956
37975
75056
13581
19009
1906
65011
66162
80126
69069
59650
76442
29743
83676
25447
32665
83008
4076
53739
75315
57318
79352
36156
13459
61169
71655
60157
8720
56497
31417
83348
73677
17578
71899
75293
67517
42695
41480
28388
33257
32044
19796
65828
85358
87610
65488
6150
22318
2866
21750
86555
61477
13778
47574
29788
79162
11096
80585
5989
39998
71643
1487
83853
56647
38946
29050
8327
86648
67318
74743
23656
86705
75369
1277
65996
62021
613
59282
7044
71753
17888
30770
57433
4412
11355
16062
54971
74550
31936
29
33118
38710
85793
76025
32253
6579
12200
27090
37413
32092
18968
11379
25245
22472
55467
28737
2687
46485
577
33453
14330
77522
3803
63851
55684
66490
84093
86256
54519
51921
56547
20205
84824
8958
78536
71933
75537
48635
48895
54257
79652
76808
42593
52010
28789
86447
74861
20658
36019
15948
87600
3289
85431
74902
8994
7003
27608
16107
74094
23864
20308
22987
44819
61369
75336
36526
3096
84627
19832
46338
57567
13394
83389
3403
99
26714
33797
4880
4305
51858
68465
11552
52049
46150
59288
28366
20265
80218
9438
84285
73573
17703
19414
46761
81669
10126
26347
78261
47437
70330
33661
77168
79973
10667
61795
69129
37886
69194
5129
21605
67515
65366
67621
23764
80552
62455
3255
11373
40862
28552
66689
32009
67521
73566
51388
43114
46558
27158
66119
5574
35129
61955
4326
82977
53254
62218
57584
5842
17094
59945
32498
68021
42280
85751
32378
37810
33522
64855
7658
40553
21201
6736
34550
31465
51596
32548
83412
3949
44627
34714
1660
21494
5258
78208
70021
79077
23711
25707
41447
41355
77130
40715
45254
65798
4637
47359
62138
4953
25172
82651
13935
23200
34736
34500
29716
13974
43736
45459
34945
74667
46358
36527
48323
27269
16468
44291
54944
9808
86064
74378
63449
50409
5686
60529
61754
85505
74457
76855
2183
11923
6658
1753
74178
78199
61735
72652
20503
35268
8389
27611
21603
22321
48837
17391
14212
44312
29096
75219
44570
53026
42851
37528
57441
55045
83908
43925
62790
51139
55021
1080
11220
82602
70329
47434
73283
87985
27270
58347
17062
16984
8608
43846
87536
28682
48980
78343
80864
80812
6932
80402
4082
30623
58289
24017
83067
47771
71127
11788
83672
54614
49010
5171
12070
68368
82015
78614
28003
45071
37665
61620
43705
54660
84307
24036
17795
78922
52059
27810
69291
5207
20873
84007
9856
44065
82392
77397
4026
64550
63978
79219
65929
2954
56261
12778
67811
40448
5782
55669
61344
19533
16101
86041
58836
71710
64960
55358
39023
79389
31832
59111
63696
49952
80740
48325
38427
35256
73194
71428
76930
11862
63342
19983
29401
76630
44955
27974
21912
63714
62787
76199
35292
44871
40252
81657
83568
78191
61867
24654
25771
3903
45236
43401
73221
41391
13063
71206
63914
9075
30668
12504
80360
41006
15098
71131
54066
3398
81088
47298
23009
34005
44471
29622
8504
78806
28271
14066
49399
6937
53143
8546
38344
55414
35254
60371
7572
18163
10696
52405
71941
57658
40127
50152
42060
68251
56389
56329
51624
17044
87801
7956
55196
14421
66160
66796
8167
53372
38160
6213
84502
66067
66799
13011
32199
63772
17824
33162
9083
29055
39765
28992
52527
79326
53285
24699
66594
87339
67362
53226
56718
78334
33266
45971
74301
14815
29265
4742
34416
30206
54239
12995
36439
46116
5092
76000
58983
42016
20187
1389
38584
50895
27113
32019
19487
85163
22529
46504
76714
10396
38447
75194
81297
72523
87156
57715
75922
60868
53745
41462
74858
57756
24233
48361
87724
82983
84558
72433
54855
69449
10708
2985
70338
10299
5526
48956
7559
43090
32183
31684
27214
45022
56480
44579
15397
82910
38876
13757
53280
15661
40648
69981
33333
78590
75738
83236
29190
2030
24244
84489
59808
87163
49859
42914
45837
42325
82452
11966
17805
874
20500
10345
5226
17531
74407
80956
85494
38638
17763
71118
9837
35418
22764
29794
72836
55735
75294
35670
21703
34183
29815
36136
47459
87309
32361
8064
32024
59727
85374
69254
5328
51178
38640
72336
12130
3001
51191
64762
48890
34359
60062
37161
85348
46685
36891
53905
24602
67167
9373
56664
9307
43018
42687
79801
37237
15658
15857
10978
77719
55230
37855
54088
72210
57405
67875
43529
16581
82724
20577
39932
5223
34710
87099
46750
64257
27884
34024
86952
28730
16789
44319
40353
54114
808
79
13576
46307
81419
64968
43942
7718
76345
15956
5185
83961
53089
21217
85222
46577
5674
82852
15184
67057
52872
81864
77440
74083
86868
4217
885
9183
10383
27808
51923
64296
14334
37470
64341
85388
58349
68963
78542
33296
48887
60289
73051
300
52384
75992
74087
43287
41270
24287
86568
16630
49101
57982
78329
34111
10146
73865
45515
81863
48004
32171
44127
59552
66155
2133
22482
81646
27393
67089
33172
66420
63699
22367
39326
543
9306
9924
14805
75051
14628
80233
75026
35852
75604
53743
47840
53186
40313
33428
85356
34354
32581
71814
83311
34881
80047
33360
54532
72668
24472
74079
52099
47175
11144
64964
37121
63922
37610
25831
87964
67100
82316
19878
64448
82058
81538
86271
40913
46209
11427
66242
6238
644
38738
24364
6775
63599
6364
25830
13203
12110
8776
21626
60059
77155
59749
24996
5672
13481
9811
26140
73954
7876
32095
22234
22731
63004
30846
11221
24389
33543
23901
23426
37124
52334
66966
50225
79419
15465
31546
33119
51202
7608
77536
7597
26855
21795
18733
21143
39581
60248
26554
78078
38830
8696
59045
28407
68950
74830
31428
1286
29903
65018
33309
56514
28007
28731
6203
47664
1474
33995
6384
40903
16508
38388
454
86015
85984
55985
20687
87193
13344
61876
1395
42771
85887
49489
66113
18493
54923
82029
44783
12159
65509
39779
34554
13425
23534
87749
26951
4500
16152
23460
5719
51309
30320
13392
13276
42399
85431
80609
55045
43243
78756
66481
37374
73349
73815
68675
35737
73701
27427
83912
49427
73232
27998
82539
74773
45189
6565
69188
67003
18047
68483
60197
64409
24015
53807
57951
80272
20299
39743
82367
78310
24940
64944
60224
81721
76287
57346
19289
74094
43987
47066
55719
38273
57649
82341
86572
66162
5635
4968
9085
42377
54992
84391
7284
62298
11748
37904
6288
57344
47143
14646
4595
71166
53078
57974
12846
80651
50379
59264
80956
37533
15596
66876
79245
41181
24178
27822
23339
37727
78658
20480
76767
38638
67607
25064
86527
84139
84305
40172
87238
1318
20200
894
59202
86960
10793
1508
27641
40212
26529
43721
62975
9447
54505
64384
38395
4125
56826
79837
51665
67305
79714
6375
17505
23399
32744
41038
73799
63520
75182
4783
83020
85366
70762
82036
48992
11635
20312
58955
9745
54748
33861
37559
60194
2792
46556
41464
45797
22347
5270
81936
73860
27800
27282
24143
70077
15957
57277
54114
67509
2242
45079
28718
31327
83529
63013
72943
14366
17172
48740
87126
5462
22082
44399
65749
62188
84727
24634
10528
35241
31980
19682
8404
2422
65494
51056
31724
40319
40261
7042
23419
63242
50531
12741
40089
39018
57293
5341
62055
8960
25173
65729
25654
76797
61335
17052
61809
50175
76563
60443
85734
66866
1587
10075
33036
9248
55808
12435
39291
56811
76244
21748
2763
40463
2884
8976
87900
83874
87775
23324
12526
28498
60119
58926
35298
85119
73474
18044
69137
29979
49531
15596
77881
23078
17682
25469
58161
15953
82986
77128
27725
51830
57382
71607
19429
8119
71423
45593
19003
18380
48778
7469
13318
57247
73051
67422
7953
12880
5174
41634
16649
15770
24253
50349
9761
52160
40003
64073
62494
5695
24945
54294
60214
35686
42753
76773
48489
28900
17816
34801
81959
29614
28382
47845
75720
20198
17594
16940
11327
36038
36205
82244
57492
39747
16655
3807
36231
8645
10582
10122
65568
28939
45403
25479
30211
43118
12613
1182
1051
48616
13885
5655
79684
59763
50338
44566
8588
31438
11140
59298
66709
5377
57573
74702
68135
22045
19114
49966
34013
86612
86150
75818
66501
43312
84912
81845
14935
30990
47654
52028
47399
32805
68368
59837
15067
85258
34912
76587
59878
34252
53474
38391
61085
26689
46971
49549
77522
76536
55655
69371
29398
34081
68716
10977
28614
16704
72294
81766
59530
40046
85216
18226
82760
86056
8817
31398
22075
12974
61513
61719
78065
64444
59928
62712
12813
37754
61532
62054
9272
63309
75849
38344
10562
78768
22130
65347
53342
75534
11693
31435
68399
23074
56216
20124
56744
34178
66338
78199
63413
61537
52834
50184
79982
30410
78875
43589
17182
75336
55849
77678
82827
65086
76076
871
39729
82899
78414
60901
42023
71813
31638
20407
15629
43489
34572
87019
56339
13254
50193
43387
58646
5780
4636
81503
19160
37092
19314
15345
9395
83621
87316
5801
57324
16669
28034
67262
31378
57638
51524
29982
54110
16286
87886
4532
1987
52470
5034
54153
21276
27170
60783
61254
56851
47865
62586
11947
14404
26016
63752
30154
38772
32060
46846
59903
41303
63072
67663
55682
83134
18652
7587
79494
55465
40737
24363
48033
73349
82201
35010
50613
17346
49581
24085
29474
22841
56876
87049
66958
69699
6236
57665
25198
65366
63013
3427
56988
24528
51430
51163
26476
14450
36563
75881
62462
56411
14385
46618
9462
44722
84970
35378
27177
2565
67563
25372
6247
56905
28497
47393
18275
25932
37580
24292
58069
65563
27249
70358
10022
31178
87854
25487
70197
82525
28503
26724
8922
36518
64451
47213
70320
13640
42004
16370
19355
86478
62432
8140
27286
80021
33127
69504
14119
7649
54109
11820
20415
69867
55653
46765
46414
51601
7913
58879
24385
11587
4833
1292
50935
29609
6874
47726
44824
6338
82967
25879
54740
18831
64075
39144
9379
62771
81056
1709
35492
2669
28460
46990
77026
69264
54797
8204
24804
53690
86960
14531
38392
11170
69563
82927
34905
57678
35741
16104
1164
29166
62030
77869
4812
13105
58885
28827
73916
1049
18853
52804
43924
64811
25447
30405
86213
6843
24307
79732
10901
43990
4438
31232
36741
2524
74950
74943
93
80641
30402
8040
81409
16076
82126
77566
63694
7714
33559
82392
1315
84120
69627
36278
78734
31647
29690
35774
32461
46955
61081
71947
69946
8811
10530
53498
74327
63369
18046
78348
5552
41658
34907
68897
86724
85630
82259
64832
58025
16530
52745
80741
52952
53569
21464
35060
6139
17207
76559
63580
21495
53476
82805
41268
66170
56202
60449
6466
30056
20543
12599
62650
7632
50572
84910
75070
23483
64156
78273
71564
75121
79455
53475
2546
3975
8746
25792
26474
25221
21751
61657
30930
17125
9210
12825
22573
55667
21628
27617
42578
30431
59774
32585
15077
30587
25458
12240
4697
75508
71610
9370
44679
21107
323
53285
30919
60814
69887
18135
5120
71860
276
76865
37655
72575
76567
57041
75075
80531
13493
7303
45210
39790
49294
47131
24068
55897
58624
3200
32931
29708
52971
84569
61432
18204
16454
17171
33286
75897
50279
61621
14530
6176
23242
2204
51005
36311
7557
28626
34172
34920
68545
79661
4956
68807
62018
152
36342
30452
34186
9484
2865
40234
49605
74491
19766
53023
14537
71081
55660
75995
57332
41079
32707
54299
44351
67508
85699
3225
70327
74423
74426
83581
40712
76371
67596
85006
17686
171781
113911
98417
96337
127935
114877
124595
167521
133818
108241
133820
135925
158178
107896
116390
99695
171223
95628
112047
157408
157708
161770
118893
100170
111378
132193
162826
143874
149787
174803
164843
88016
170351
148470
101941
141817
143952
118779
139266
133661
155056
88923
93726
116120
114104
103657
121888
89994
170063
113850
100801
129676
156942
137236
140566
164995
149415
149738
157758
143329
101467
111688
172674
111425
131449
162712
102432
153163
130664
117671
154321
157242
168305
100786
174310
89190
153445
100647
172170
151011
144460
94536
114860
165145
88342
141702
123878
106418
152602
153531
160040
174495
131408
94563
112958
130425
145409
93980
132725
89159
126387
93208
147966
103170
103185
150496
113227
158636
112713
125468
136634
129534
101041
138531
141816
100837
140511
119097
155105
155503
133414
166625
130039
148552
117017
144051
137878
88917
117043
89481
157802
109471
88100
105553
156932
172142
119271
133076
138278
143455
123300
114884
143561
90816
101090
129879
140237
165103
108435
158335
151884
118060
164880
129860
120764
140185
108952
108953
157794
103436
145355
132214
90262
152263
156551
139231
137635
162414
144023
143929
154657
115171
92455
122523
174269
169257
154701
110300
148909
92771
95341
152386
171539
143009
120436
96501
161821
106208
141610
168671
121602
155539
99829
88206
127768
99542
136738
125406
156293
129711
94769
112428
110629
88357
111454
172956
172954
102171
103755
94126
107084
160577
162009
165337
156330
119857
148500
149952
118799
127823
119233
148328
146032
166421
161550
156197
138051
153412
128776
129269
174974
128017
104824
115349
113681
147996
100804
167430
133088
132503
161029
122794
131137
108779
138002
175578
141859
108736
106398
140774
101052
147374
138184
124704
104798
158175
163508
134669
88124
102198
151537
97469
105016
141341
105391
100259
99975
152108
95615
115185
153911
161059
147659
167146
105439
143353
141333
169290
131976
214415
237509
200984
229674
237083
190634
200014
226957
208427
219560
208859
179949
262477
214923
188529
214349
240908
193365
205753
216619
177969
239160
226366
215555
185437
244176
212026
189082
176603
188803
179968
241328
205374
250901
224940
243534
229395
222621
221257
258837
263268
179649
239931
196447
211781
226807
254471
220039
229878
222274
189964
211694
201472
182446
199398
202511
220439
186631
199716
188043
221140
219132
207884
196005
195221
200735
247891
195716
197015
203324
178357
262372
253333
249030
187199
181444
188003
231013
197576
178520
225094
201282
207777
241845
195461
205310
216200
232965
233953
258652
223564
195876
216151
193474
181486
241880
234989
222597
205650
189180
259275
242906
208264
176464
209933
177158
197165
235821
257383
244877
222065
176011
251787
189112
223051
197516
205318
202837
245110
244499
193664
261556
199149
257154
260038
185953
292026
316682
279451
307675
294224
268060
344579
293897
336803
333263
345697
341571
276231
302748
266501
297006
279117
289048
287370
279978
284838
274890
294892
331514
272109
337889
294174
266961
348346
315499
331141
315691
324880
281654
272255
350988
319662
290377
305434
291857
343781
337589
291203
322109
286083
293348
274522
300401
300731
284705
310712
328192
277010
329182
371017
433708
394364
362228
406767
403298
398777
419178
354457
389668
366974
438954
439406
426110
396991
383044
390035
428975
427823
354722
396743
437422
395132
397521
436504
416032
353037
435909
434681
426527
372886
355564
407715
396225
411766
401748
361309
416598
392544
369983
405241
418018
409393
400481
365335
417483
395037
405386
407321
371701
410733
384678
360557
436472
358398
368121
407825
422237
414762
364310
429573
421152
387263
410689
396873
395721
401512
361776
378114
370848
436340
395196
368571
432351
366242
401958
366291
428152
358620
357619
369156
355051
408437
434891
400189
432592
353588
400684
435335
405723
447614
444742
494099
490778
520508
474534
470405
506158
463572
451279
498970
494868
447413
518943
507403
498727
476669
519002
454036
442040
502389
494169
479227
460513
453230
501829
527311
463941
446616
505687
513234
498192
509091
524644
527562
519742
487143
490053
489494
472326
445572
527248
487072
516306
451914
465409
519621
494602
496410
489051
475104
501250
514320
490352
465587
524920
497980
498454
470266
463665
465499
483354
447077
511727
481101
504649
495795
459725
496491
514355
448594
458530
538513
563728
556157
581604
534512
598093
531533
551819
604948
599506
602756
559030
601960
540957
596463
584652
584134
542743
544493
541910
531361
605964
560178
528789
567654
530392
586783
547475
554336
560475
582702
541577
579320
594431
573964
606233
687210
678789
703380
616527
696287
639830
636364
626193
678704
741718
752878
734896
733002
705608
728778
781064
787225
733454
878410
865084
813364
838091
860928
831091
842327
814207
817715
917452
937993
881597
903544
916347
898264
919883
897540
922629
891870
944646
966406
900572
889203
926918
958325
966303
893848
992128
1017171
1048696
1012607
1012798
1045985
1004172
997347
1022663
1044814
973998
1006629
1010673
1012997
1017422
993130
1023202
1002671
1032195
983206
1010631
1024083
1051766
1018318
991895
1038917
1003737
1041839
983723
1034502
1004066
1022305
992313
997057
1019623
998307
1006936
1044472
984402
968764
991617
1011353
1019190
1033033
982151
1009216
1014871
1001284
1035287
1028675
993177
1012243
983808
1026663
1024575
1053718
991269
1014385
1012647
977821
992331
1039929
1017572
1042228
970442
984511
1033246
984149
995647
1028782
986990
1032138
995968
976872
1045226
985007
989134
988069
1055169
987115
997504
1019962
1011796
1031013
1027019
1039832
1013270
1051942
1046547
982121
1224987
1214989
1215432
1156087
1148628
1147833
1173576
1165658
1214571
1257593
1312936
1281784
1290144
1310907
1252647
1291180
1258449
1319398
1389324
1335036
1361061
1403906
1349253
1390643
1375088
1363877
1340820
1380950
1363309
1362579
1356323
1360526
1375048
1381974
1387633
1335359
1494269
1481947
1477536
1471642
1433925
1478542
1480770
1413671
1419457
1560466
1571042
1545314
1566390
1513497
1546440
1579473
1527913
1523292
1646071
1599304
1636921
1598574
1660267
1608330
1668591
1593291
1625699
1710554
1731256
1735012
1733704
1726095
1714412
1687289
1680355
1724561
1751555
1685890
1730092
1708549
1737367
1740588
1694434
1750897
1703562
1719180
1720694
1712814
1713420
1703026
1673620
1705984
1741043
1680270
1842918
1780709
1780130
1807375
1760460
1791772
1794055
1837530
1841790
1856845
1860374
1857359
1932244
1854613
1927110
1878622
1911115
1905027
2014131
2018189
1978062
1951838
1998755
1964604
2014498
2022814
1949129
2006762
2003817
1961572
2013486
1953351
2001932
1981081
1957105
1949378
2036328
2024373
2026956
2068308
2035720
2056129
2075148
2084022
2086035
2124781
2159952
2144716
2116610
2195093
2146717
2118024
2152984
2193944
2524616
2475006
2496855
2470930
2472467
2499034
2505905
2507634
2464972
2610248
2597263
2558023
2626047
2572046
2617882
2581949
2581424
2627405
2593501
2605026
2589854
2611137
2603265
2623912
2563536
2562140
2586696
2557742
2561048
2585913
2619220
2601030
2568625
2626968
2594866
2560254
2661725
2688187
2675276
2683328
2685568
2710742
2688406
2695852
2648417
2778859
2732678
2788324
2739666
2760123
2798309
2749942
2776853
2742409
2745899
2741044
2762314
2779578
2799730
2757794
2732855
2741017
2753292
2836627
2877017
2822572
2872469
2888002
2860303
2865245
2864140
2839951
2879233
2897350
2863117
2889634
2848223
2833252
2835567
2827103
2854327
2917308
2913353
2952249
2947745
2970626
2944830
2959371
2958465
2987739
2956605
2931816
2983729
2940180
2979536
2971155
2918556
2959943
2952752
2910463
2907782
2908336
2940729
2972186
2975879
2976295
2911051
2957518
2993859
3006633
3034989
2995970
2997005
2999504
3062645
3062069
3021124
3026085
3009039
3013274
3044382
3051703
3051406
3055983
3007337
3007559
3197100
3179314
3231480
3248162
3208662
3195942
3193986
3247823
3204130
3259707
3259201
3287686
3292798
3290334
3341012
3273944
3320091
3311606
3383021
3377103
3426696
3404897
3364985
3371905
3345115
3377485
3355091
3466984
3476737
3448849
3484237
3473703
3476088
3456661
3518843
3512419
3612298
3647129
3661558
3622437
3662011
3645045
3636460
3689623
3661302
3877181
3893999
3902858
3911515
3881342
3909641
3956157
3897407
3886628
4124107
4073184
4053260
4068145
4080484
4081883
4092837
4115123
4088458
4058198
4125977
4069639
4067575
4126826
4076609
4122180
4084677
4109045
4871917
4849046
4891913
4919095
4918280
4926762
4883812
4927207
4921889
4945033
4951035
4989367
4932940
4961153
4936377
5012187
5011065
4967108
5318588
5352720
5355550
5291082
5339234
5356903
5300804
5319402
5301362
5547156
5567753
5596341
5556650
5600253
5602124
5591258
5551374
5605309
5823909
5832375
5832045
5880287
5837364
5888701
5847569
5813470
5877233
5932831
5936976
5966237
5956076
5924077
5926968
5968321
5957534
5906252
5993645
5985913
6028235
6048508
6011385
6061338
6048414
5989335
6048675
6565384
6589023
6587966
6566812
6571209
6514675
6518149
6585738
6543430
6925256
6900183
6878917
6915374
6881786
6925369
6865133
6925314
6901984
8214643
8213360
8185974
8205393
8199456
8209622
8193530
8213155
8230224
8295410
8287231
8334200
8286689
8272849
8332801
8315553
8303679
8283282
8719780
8770526
8787357
8716691
8759427
8731413
8733038
8781805
8776944
