74286
63478
43503
78162
11575
51434
20846
53977
12494
23282
80966
16992
12293
40389
9509
12302
44275
1512
80139
8287
69620
20796
34274
14346
47405
45046
74844
76741
53661
83929
79721
19750
15382
5073
719
41552
37924
73387
85835
45521
81871
44946
55648
10063
28609
84155
20916
7047
22111
30071
54057
67845
36538
33682
15220
22386
13501
20539
87941
21683
42055
10238
1166
59234
70704
57193
27705
59577
63250
7189
80792
66382
80549
38008
52756
75332
4932
29520
8186
42519
39172
76899
70028
76609
38840
33859
56286
6182
54654
20091
65795
38727
80574
72877
22205
83264
38283
16274
12562
4834
43846
86660
74339
1485
863
49126
33940
79795
75684
69583
33437
51536
50954
4312
18629
83408
21746
23545
86788
909
43944
23776
86094
51863
71162
83531
38606
51025
51426
3013
74977
30713
18786
54174
65481
78762
49174
9583
30880
4322
13926
18558
32887
86206
8043
45844
85674
6065
83616
62179
25999
26467
11117
71664
19793
17601
7761
84456
1994
33401
68950
40383
58827
16054
19603
18050
41246
11495
70771
8418
3470
48102
61991
2653
58366
71500
48544
10048
42400
69915
75446
29266
65386
19136
82312
57787
75179
60934
55474
21960
13548
34901
9580
8141
30305
54853
36692
42004
8690
61072
30062
22696
24962
58543
58592
13537
14167
37929
49320
19021
56800
17526
1213
81936
24051
51678
56686
81267
55396
44529
45730
76022
84323
33082
64839
63942
28804
51367
58832
48646
84213
81669
33755
558
33844
24054
29038
68906
55643
25463
24655
78812
80987
5601
5631
86147
24934
1053
55354
58579
79986
14549
16094
31187
55388
9111
44223
14138
80593
86963
7202
28940
2226
9277
61265
70601
47844
18203
6690
83453
26154
60696
43217
67211
9614
16711
84383
28718
76703
30004
81707
50647
45004
7254
33813
49812
40525
4127
36914
21721
85355
51888
46388
81005
76716
28981
74937
77596
55458
51493
27260
55130
3089
52038
2883
10878
42748
70508
32427
59191
40659
77052
80908
71765
42646
3963
34007
68849
15290
2828
48628
70771
54422
36304
77372
43145
74389
61559
52533
44866
59584
22016
58775
7909
12909
437
11506
35602
12365
72392
78518
20030
2068
10570
52540
86448
8440
71666
73690
25056
47074
38303
54348
17366
27536
72377
31466
7755
29143
65467
57351
59154
11947
68598
67211
1429
48558
17568
87577
85258
61972
77677
5572
31977
8898
21815
12519
84655
11094
5899
18055
4127
52175
84805
45429
20643
72752
48057
81109
83590
50740
36703
62471
33306
57651
3120
66164
10198
39798
11307
43092
86781
48743
38320
68356
82464
8348
56234
32480
48636
68278
16606
22409
60723
72172
21732
59871
47333
73861
42383
87215
22283
84373
64428
34915
12673
5229
79519
10327
11679
35902
77958
9511
18531
41240
16220
386
17366
31661
75981
82133
57678
28385
7600
84307
43798
53483
66550
77114
59718
10152
55871
49586
52595
61345
59026
42603
11132
76096
52469
53964
3894
87319
62958
63938
66154
75041
35382
74129
49169
57290
18236
8207
72458
43038
47231
10475
4181
44738
1212
69918
71718
65973
64050
23469
81503
80059
39783
2705
34599
30962
38080
82326
64420
11245
67747
44767
5040
55695
87236
7561
4174
87116
50573
61172
67002
44199
78561
76944
11482
11231
60497
31641
66183
9825
41519
11857
46771
85904
45999
1507
83837
78118
82839
28403
42443
31114
77094
18961
19282
30251
34703
58949
84085
73684
56855
66591
20639
71724
78050
12440
26027
74871
20706
59883
33992
19736
39293
71729
19438
79763
31904
22198
68612
74999
48984
1254
21919
55441
38150
87448
31554
31402
42659
87231
394
74824
454
50459
43956
50260
43483
12447
6776
16325
68027
69814
3549
62427
85481
38407
25341
85085
48185
40662
66345
24377
45751
32461
29654
20515
55596
65992
51629
40671
49613
49773
84162
362
67985
44590
46105
59800
6991
44971
23631
3057
34507
78788
17148
84463
77383
29386
37323
30064
77413
63095
52693
11950
29148
22997
1958
60049
75490
31039
83565
54695
15742
69835
87644
77741
61155
54409
51502
54794
36772
31245
46170
252
24298
72638
15208
32737
59403
60500
83755
49176
79951
85806
38352
6257
44249
83965
16338
75964
84991
40762
86483
85816
85247
34382
4473
28221
76352
19035
45554
5951
63370
28755
82720
37426
20911
44220
27954
54829
83588
57874
31167
27354
41117
1077
60768
29343
49896
68325
23021
34444
47571
67116
847
40932
34910
41212
21696
75831
53337
1362
797
5651
25672
35
6638
77346
84375
78363
3506
4799
5803
60031
27255
53740
24994
36677
69257
44674
48529
39887
27830
85960
41275
55413
56882
13855
67531
11548
71450
26330
11012
61838
40895
30816
75143
24684
63464
12674
50484
27316
78142
12106
77651
65412
20193
39127
32804
24256
2547
41003
77981
57591
8764
64312
57262
62612
71156
81883
28103
14846
55487
64141
5565
24915
67695
11213
19825
65256
81938
87497
76969
50341
71522
33925
37226
78387
67127
73007
71613
65559
23094
67072
51352
76075
85231
73029
50750
50919
51984
46817
62577
3934
4249
45144
12618
17997
24022
3587
63690
65898
33052
33410
38469
14106
26248
60138
18674
62838
7116
17120
64177
82805
1441
34257
38811
74802
18348
70382
60954
64617
8653
12936
42201
13449
52376
53893
43877
60921
37553
25279
34121
76683
5667
21232
20769
318
25472
54146
84131
32837
66593
33735
30389
47387
7780
31594
20908
7245
25036
37225
84720
64514
47536
26964
8516
76887
51221
78490
6297
37936
67393
84005
14524
60815
22523
2203
69961
22891
666
11389
42710
28605
10202
10942
15493
2798
55658
12405
80282
14779
60017
21747
15744
33640
31146
12813
5763
10246
61778
9168
23559
45791
34463
40929
39372
869
8112
4882
13698
27828
26466
42343
62848
83318
29692
23835
1594
13648
23243
41412
23782
5317
3746
16726
37834
64257
4285
39608
20030
35879
62046
74490
38788
33250
47079
43185
33839
43238
66042
84843
28003
80769
87438
9899
82305
5243
16087
72178
34350
83876
44119
73858
33387
5906
27806
85400
17900
35680
82504
55631
57991
32560
25318
61682
86737
78251
26065
73585
29960
26492
86424
73561
4147
80840
60851
47886
54971
3855
61785
71717
17205
30278
14787
75785
68083
67882
3621
69556
29796
56777
32937
48478
57485
23966
39784
77254
16899
59648
38606
38468
25169
23124
5439
55410
86016
2013
37950
20522
31554
37743
29593
80077
69090
36086
16221
66143
43391
50201
5947
1441
86645
21379
77951
39525
6913
48468
86952
74857
4603
40588
42302
72650
6053
43438
23608
74671
69667
33413
68279
37740
11984
60029
38662
73324
45696
54298
42262
29393
46065
26205
67391
51040
61541
65238
72427
87503
25166
53868
42830
18179
69670
86878
26075
12458
46601
87817
48755
20543
24201
19327
75444
37390
16318
3225
49870
27171
35314
63808
1880
60109
69991
68237
59914
61700
31927
22167
65923
50131
87148
37047
26708
69771
58466
34159
60185
79346
60159
2542
21696
6466
46547
24230
16532
68418
66370
74143
35662
51379
69572
13485
37023
66896
76799
20222
54692
3331
40380
26143
44036
62648
25883
10220
38894
31649
65321
23101
32349
51436
3693
51254
12226
46765
71554
16046
79513
49640
37478
72734
26710
1146
17996
18945
12639
76676
677
44267
32605
46767
44309
54972
54110
54984
17022
8267
55095
61219
48045
56800
76418
34051
56547
80533
35403
38107
5609
21148
9250
9675
55231
11283
13686
52081
66853
35147
63891
38148
87789
18757
31915
40479
36123
31520
47003
56470
56911
47606
25943
55134
4617
58545
58902
78356
19481
57277
19038
39459
69039
82488
9669
13806
3178
17647
60650
13182
37007
763
63134
51071
27644
44299
80149
3978
50497
59526
28417
52382
25861
54893
17067
79140
27020
70982
49368
61720
72991
59074
82373
79624
8000
353
79466
82560
12091
19544
81334
5538
75108
58032
37410
876
46071
45479
8583
80653
66253
5083
85721
2217
4419
75702
49760
63075
59709
25268
18041
85161
38718
17392
47972
36025
71721
82489
41140
26342
34001
19835
25453
42513
83902
40510
43704
67907
37875
72389
3787
86935
24360
2071
25873
46951
11224
74725
248
80310
23540
13302
68245
26679
2218
48384
59140
38027
28598
74913
85127
2766
83105
52841
4740
870
53545
35397
78591
17286
69670
69048
61304
13595
23324
19868
63713
50174
69673
58580
11386
35616
32999
79242
80966
70414
55921
57080
17305
37677
13951
58250
79654
84288
85924
68027
86319
41366
62959
27104
48429
58846
65491
71970
78593
1120
86837
74877
20618
17012
21936
35837
70642
70692
2940
75546
85750
63249
31553
60904
81763
2995
82154
46505
83776
61898
51996
16532
71864
60144
57015
51037
25499
51645
54452
43150
56146
10992
34786
38863
64188
57909
75417
40976
21817
56395
61120
71842
32480
21839
39497
22998
83029
42198
9678
47705
13807
74494
34973
36392
27436
51482
29004
78584
56568
35246
43716
81101
12070
80171
31792
81235
23565
3544
74017
24906
29494
28165
22889
80004
20760
6308
50036
16302
22160
60158
63427
72179
37127
2632
15319
22996
84391
34067
60599
26920
27418
7258
56281
12867
82213
70457
29807
38723
16101
59626
17708
37761
352
64621
296
30963
85904
64320
50418
9086
14939
51644
51518
7505
68515
54008
31970
44758
71363
77517
52793
6359
28699
63782
16213
85824
34278
48680
17660
49299
51415
15310
3674
23836
32738
17212
8719
41245
7082
37780
65123
35932
69468
40709
79645
10845
48734
12008
84467
20385
34981
65568
61173
15268
74927
3444
81935
78919
34620
71469
45122
63585
11364
50928
32404
72446
80728
52983
48447
58933
56025
24902
78155
54115
83664
22255
69693
669
62988
59003
77740
13392
28523
38810
38182
47819
3557
75267
46615
57260
77749
53154
25355
57350
23357
20750
78292
83610
44707
2647
42699
73079
45892
12202
49282
76128
62151
474
18371
70360
28896
28420
38090
60214
12859
22941
62663
68722
13884
87396
8930
24573
70243
19113
37603
46478
27616
51639
8046
34956
86296
39011
44715
29516
6006
9535
30964
61290
37154
87349
10856
52409
27792
38633
25916
15972
24915
52468
55647
75324
22476
54203
27536
63503
17821
11526
86156
35605
31177
26148
50002
70749
85727
82971
86578
24425
10922
69671
71178
6112
26930
38160
12392
87495
66992
35463
60783
86843
34308
84673
38321
77632
86516
75970
42914
12241
56217
42518
72306
80841
18069
77687
8718
40467
68694
737
10643
64897
29515
38166
59524
72073
73322
43318
65833
36777
47621
77124
53153
46914
77529
72528
65483
46549
17800
65402
45117
69547
25909
70716
60310
73958
39687
33057
74741
36873
16477
28093
617
13412
1134
77074
43223
67161
19377
63998
70749
73377
78145
61383
56619
8235
60524
68542
35260
75260
75891
9357
76341
55108
78551
19923
61972
75805
82168
70119
73833
3511
39303
18820
43145
81541
81843
80659
82014
7321
4018
15869
71879
86900
63926
30849
31694
14354
76505
70476
83201
11557
57940
67370
22709
87772
28491
27799
22674
82987
46893
64856
60160
4214
82849
6122
28421
27790
67819
27358
8869
719
82201
79938
60762
85603
7756
82216
35691
10763
60616
31930
12247
81494
16541
61559
6275
59802
56314
20800
54120
86953
7688
60793
48964
67231
60764
54943
82275
48846
59272
87914
40445
190
69228
51745
57371
74615
7372
68198
41521
7318
41815
35309
33947
70765
82392
53176
59622
81711
78325
61060
66645
15337
51924
48654
82878
70165
21590
23381
41571
28147
47263
22004
42529
79841
84952
12629
67361
35991
3873
15728
1670
8151
35579
41506
49089
34033
78545
1678
64090
31428
61910
7847
68783
13270
74552
20476
44681
44975
13558
38404
47886
44623
40574
38989
82456
39409
84371
45187
84004
5256
59035
62360
2254
47282
84646
7738
9433
59727
75361
9842
33736
5298
12840
76299
43943
52698
84769
42979
51095
3862
35424
2327
3202
36912
30213
12584
42386
31431
77060
26491
78830
17567
12230
29445
20025
44084
79982
6438
23965
39582
26367
69739
34474
76835
17413
33819
22817
20403
39414
25428
53025
74490
46598
86646
75150
17629
35891
36527
36986
75340
59880
46513
41245
65350
64020
74358
75129
3684
517
71559
42398
81306
48430
57096
55763
17262
58035
11914
9392
13415
72594
7937
25894
71616
20970
26074
37838
85068
46085
8592
52974
77598
43524
21297
20302
6918
41552
39282
1129
70283
51786
3462
72451
66328
47950
83441
73455
72808
67118
33632
53858
42
60691
61422
62795
40073
74643
37993
15058
9610
79789
36208
1450
24632
41270
84875
37924
30184
9004
81142
36558
4716
23405
77881
40130
38595
46303
33490
60289
21460
75022
43644
20111
2842
66707
7451
45653
44124
26204
62245
58065
39853
86431
8075
31461
69222
53445
1779
82286
87415
52064
63937
29734
62730
41230
39738
61070
4069
29044
69796
68908
40737
48635
62124
71811
45627
64113
72657
33783
18541
38332
1481
55697
14451
86797
41136
76532
48789
21087
81650
68271
69257
67053
49105
81791
56193
81341
82868
51127
31133
38556
76826
77426
28123
83982
59
81491
36536
57682
70529
5072
17958
81844
54174
51779
42748
59366
22596
73694
12904
1618
81406
84128
16900
15570
37836
87064
14208
59576
15780
70258
173
26783
3152
80908
74665
32605
19574
69050
11429
52392
43605
44330
48924
62035
74413
66655
17972
5891
64698
85047
73298
82094
51772
15199
83139
4480
2960
59913
77997
44459
68860
83778
21143
72455
22276
17425
13843
37345
23932
78542
75501
30096
59245
49778
77876
21559
71215
7807
55301
50691
77495
17427
23076
53095
4876
10606
41303
65205
2930
72127
39303
17676
32679
46691
3357
79115
25441
86294
54673
34023
64900
36084
27885
38207
68322
63314
20581
21038
33869
86307
22639
14386
30551
2957
59598
51059
73744
82924
24324
15798
67860
63288
25503
22264
40265
82034
40956
30599
13105
419
21598
53115
13858
7136
8649
82054
50726
42687
52278
35122
63645
7473
25777
54927
69150
23747
663
47269
8352
501
25404
48189
17465
58381
86043
67523
33791
55429
39391
33125
32945
83393
63343
23797
68096
84669
37332
31845
52968
11668
61890
84493
45177
45700
44082
33282
60291
1054
30522
50577
75164
36019
64075
80459
21814
60511
45584
65578
25957
48961
22888
84385
77056
44530
58753
71507
80773
77153
17815
43280
71210
22465
43312
38820
60449
74419
41485
62946
79420
26774
25943
55596
34035
10248
65013
1089
66440
41166
50313
29991
38821
53649
75864
63370
17100
35841
14303
37093
87815
75276
31507
11979
35502
67380
25621
83546
60383
60655
52586
78984
9110
66621
1293
2061
73295
53271
18215
26401
12268
83160
58858
62485
48740
71921
75653
65753
32168
69962
13499
69633
22565
54866
1364
10961
83490
32106
64747
46679
20523
49293
41504
31539
70539
37198
19788
26293
18393
59561
11433
41435
66235
55742
56754
27754
36345
47098
66806
60387
86606
515
29411
37927
36788
82724
52754
47672
10246
79608
33189
65243
80345
57341
59029
50119
1820
52303
59955
64574
54080
87301
66679
3639
70826
1605
79610
66826
12716
63835
57572
27647
66974
43734
66244
28941
26090
77582
80788
64042
65625
34259
43790
28495
61948
21891
61742
20757
54822
57262
78581
43187
6163
26669
35213
2688
18295
4682
45389
77142
4783
69055
68064
8616
86189
72844
8023
54350
29613
73093
26325
53182
2184
17394
85165
21654
62098
28670
51913
2434
43679
46074
25357
83514
31306
5866
27192
26792
58355
25392
73927
36497
41155
41645
47599
8980
75534
78698
49335
66277
19658
26002
80714
56989
17304
7780
43575
8383
58244
18618
14747
77067
66362
61145
20269
16025
1695
87039
46957
33883
38657
18965
25847
65359
18296
66222
75996
16548
46414
46357
15325
34627
80442
11160
53470
74045
79317
58998
3362
41595
28968
66759
37258
8948
31953
63501
6825
52760
10083
41500
20122
20175
4601
12746
44483
3273
36622
47306
7877
13013
46937
51586
63807
45858
26503
47535
13093
2079
24884
66527
26922
39858
68751
304
12028
53520
79546
35961
236
10567
71485
11697
80172
24584
52764
60685
82934
74305
57051
20822
19747
19322
18974
37532
28609
48479
69974
13441
71905
27820
44653
31528
29184
663
75567
85196
60813
85814
28285
6023
46555
28950
75806
13601
16195
36204
85802
56540
44549
65528
1604
8887
10738
15247
29377
67353
30581
62094
52744
11462
74943
5210
32989
61446
26538
54515
62153
632
36887
28293
31593
67448
85294
87755
82995
45477
84118
78284
18826
55433
45467
73809
43498
15469
2168
54062
56022
48919
64397
63709
30853
45701
86313
22887
78792
63647
7654
42072
60800
53344
10757
45181
32707
12923
47980
80497
18013
6285
56541
38012
34072
41654
71350
77442
39762
14989
32752
38322
22789
30832
71310
17000
59201
76956
20755
53587
49508
56329
70974
68646
29911
41754
52180
19646
27389
58943
87372
41008
67595
15881
1206
64277
54599
77518
56367
87925
50833
56639
48324
19984
44279
21441
38999
54073
27390
44551
16158
70857
20797
50049
43452
87459
27335
44727
41978
61238
42934
15007
57705
25752
8550
21605
60399
33518
46117
13096
4866
19920
16551
6076
53520
26176
40584
79497
13078
12195
11552
85639
62064
6931
63170
9597
86873
61402
52388
55252
3017
80014
46247
63763
80512
36032
83315
44311
10946
69136
28756
71896
51422
20505
21709
70057
69700
87903
38498
22269
55987
49521
59748
74052
46908
65855
12068
74119
33205
51668
17705
85943
87208
66872
65569
29478
77659
51040
22505
2226
52079
9405
46428
68222
56759
52932
21369
62756
57712
82095
68561
13889
82881
60924
45361
62547
2812
81676
48909
9610
1830
78371
65740
43265
36266
66786
48853
39009
42070
19372
82509
74871
66416
22978
58676
28105
29203
42793
30817
35564
25551
26038
76568
62498
18592
84923
7366
18312
28424
74760
64067
34733
26581
63310
46861
84712
27801
18399
81418
15461
47397
7876
17898
21924
34002
915
14880
86693
68686
31504
15933
75155
59698
14785
24956
51450
28688
45229
39437
46630
4893
24281
65773
80465
69506
8280
1408
34242
39777
49568
57544
15218
32010
40927
25279
36809
72425
66425
5046
74127
52393
63184
29015
37482
48912
55570
20015
65243
20520
13072
83624
50066
65156
79360
8895
82492
23551
77414
65625
19484
47895
62229
23418
46475
31257
22032
31931
81993
4615
43430
62809
22596
25162
6613
18223
54596
7854
79216
19237
35785
45651
6762
86737
13720
61703
65167
19951
19654
31143
51200
43862
28520
9993
68697
34890
80023
3674
31956
66867
31801
30495
78369
22122
27331
71028
60909
3144
15167
6714
571
75986
60502
9750
75434
31048
74093
66709
60480
72992
48186
20557
23193
60882
27788
34208
50925
13943
64712
57479
36519
76407
9075
24415
53371
85604
11940
38902
75637
52432
47151
16464
12685
39256
50406
8516
17383
27062
66279
57308
80736
78079
52440
58671
74562
26429
67464
40408
23851
80764
17625
65521
75361
86539
76251
49168
15477
64475
18662
21093
62262
83105
15775
61479
61043
62111
30108
64278
12777
33927
9007
11731
35612
47717
9906
41124
81050
82304
41568
15791
45475
42580
79079
4595
55311
39295
87541
77002
76282
77380
32186
19518
15750
8416
82990
52416
72467
11301
47962
31809
57923
38370
47211
59697
2864
87249
51029
13651
27329
25934
31045
39291
77769
81023
23443
78790
32442
68253
2808
40983
31799
78405
37064
65526
56175
31963
7628
11943
77300
84797
45758
38824
889
62346
11046
15343
27385
86987
34660
47642
20604
83398
15762
57692
81952
77595
80021
35005
87777
81723
87832
83215
39733
76113
951
51292
52670
11423
23670
60837
5310
8167
42453
39117
22534
50766
64899
15197
68738
71023
68075
72582
53973
34393
22764
58418
48949
56971
17136
33061
36595
33017
68157
26161
78981
11047
87897
37080
4497
19636
16722
67299
23212
2007
62385
49922
71657
68088
22211
84730
84009
77838
69922
36801
74293
11170
27419
23811
60956
9684
84524
69214
54278
35055
60199
19202
58840
69340
13541
23462
21084
13022
84843
452
66186
4984
74238
52902
53153
75626
80147
14256
72952
74977
20491
1827
37363
49293
4821
26802
28827
49751
57275
53417
6467
36962
10394
11486
49492
37840
50344
47285
6578
50751
64082
82457
70872
51522
46437
71920
4132
83331
62745
18690
74872
48793
70077
62540
21401
81810
34635
53403
38631
76478
4972
57111
56461
58910
30602
49275
10895
63137
10157
20779
9195
11881
9319
64455
38497
271
80417
37834
28918
74908
84618
31465
3491
50700
60973
74552
8226
1495
48618
12467
4806
18716
63395
32918
509
14429
11222
78142
15379
28816
51210
56597
79729
35384
76547
47713
25043
31683
44876
43958
49586
4094
21018
26830
10649
60376
1554
71179
72185
6732
87597
65669
68137
43943
63109
11319
65619
63299
29995
20218
84863
74185
56664
20379
14902
42605
76119
80917
74582
12205
26142
47482
11045
21695
43796
24115
75262
80931
6296
80385
16877
12732
8139
70810
22702
15916
49552
17898
40763
68422
7136
85728
54109
85101
12660
41751
35778
1607
22046
81267
59137
37392
73848
77738
36315
52043
13204
54848
4474
2006
78074
76786
30250
4716
34161
10481
3466
73413
64723
34454
10778
28443
69957
32710
6033
68540
43218
69062
61560
87578
68680
77591
2552
416
69193
67640
29216
75161
26428
40134
61074
7512
70715
86855
74477
77717
15956
50540
59974
20993
36845
56836
64755
26727
80957
38138
50012
31862
48043
39115
37096
5065
67654
35654
42979
2737
77555
8786
18973
85306
34282
68569
84855
36154
79810
69713
34596
79516
85513
10374
34999
46834
61514
41095
57009
26538
54753
10446
11564
77561
51047
17616
3266
19121
73629
4681
40277
49749
54806
47874
36920
58509
21160
20422
15909
34273
61827
8310
15498
21541
39110
73114
61306
61850
29804
59199
72066
3185
43671
16413
66584
37501
84834
82415
1836
75172
8875
16694
38791
52329
21573
7492
64507
26364
72193
40754
11755
29955
74574
75821
14330
6935
2686
6080
17080
62389
29439
49682
78810
7519
71477
61700
7480
73701
84802
6669
36626
19707
9850
21197
7827
64218
18456
69987
17492
36921
86064
15539
63670
24681
1501
54438
37845
68105
33334
73110
10788
87327
3766
40614
25560
85317
24112
13095
38156
50848
52880
61417
49223
1291
70297
53968
5964
21211
69464
64019
13490
35118
7903
5712
11964
36996
71921
13029
63059
87835
16678
47920
73308
15417
26666
52064
52823
41194
85228
46721
61781
29596
28030
60859
59635
30186
78960
10004
68422
42931
1918
50338
54429
70066
69064
41830
77506
73664
16106
54781
9433
85527
19792
31478
71145
31995
17960
39718
80805
69411
23998
1858
57366
30972
27952
71699
9338
29918
4888
4523
87797
49126
70789
63534
38764
28264
25788
87813
68944
15593
46983
58279
20122
54299
20329
11651
48632
39504
11472
9978
43488
7010
43160
49575
49633
20709
7291
24190
50334
9737
33436
78738
77817
26399
72986
32934
48416
31382
33031
60609
62484
44136
14011
60529
69088
24966
34847
32768
42813
6858
71418
58098
43282
26905
50079
352
40301
84309
39637
26756
26192
75751
10803
33958
123
67937
48744
71508
58873
24738
25492
18851
49993
8938
45929
76920
7890
78604
62836
23222
16370
35729
81646
31773
27607
55291
75816
59323
25242
80496
48939
16581
79671
71155
85740
69391
35747
82391
12045
12914
57944
46298
49908
49732
66209
711
68783
12067
2640
72579
28968
84515
3263
50526
28645
21876
73192
25738
30625
45124
77861
87967
51443
82483
21183
47080
85957
12600
47359
82618
40940
3613
56379
44719
86601
65400
25292
19151
44084
1031
5208
47806
83413
87547
79405
29039
48753
51859
77895
86964
40588
78244
80920
39377
60690
8832
51223
12500
53464
87248
79161
86072
35998
19701
78942
36915
64933
29649
653
2876
37739
71433
3284
63552
15971
14215
62516
40885
44748
42441
29384
39212
10623
15870
46306
24723
17435
44163
70228
20118
49535
47243
54829
3891
3899
54663
46494
48654
56107
63868
70549
35773
47491
4528
41012
6823
69139
19246
69576
11403
12187
76897
22113
14274
81502
60187
57655
83188
75439
87438
51764
3458
63087
1332
11747
59169
79228
20234
19895
75210
86664
3015
73050
3021
27232
51360
10877
18590
14668
44067
43469
6082
36668
18922
83484
69325
20973
27616
2913
73618
26010
87123
20995
82288
38060
80944
24315
48477
16437
70278
10222
63952
28174
47178
10006
1744
21934
75304
22959
35251
18457
65912
5561
69157
13083
9926
36403
27666
9075
80083
24985
60332
78699
77618
68885
46539
80177
51936
67801
78723
63746
57702
45402
23181
32590
49713
67630
1458
64005
18936
9323
7673
37772
13755
49581
84277
87637
28946
14092
64990
61277
5068
52139
44531
31070
26309
72109
55559
78867
37718
79978
26798
17208
81027
30365
62138
41585
79698
46830
84168
59806
16975
77848
8757
78078
37069
33036
35815
35497
7995
52618
46219
71843
9624
21719
55088
19327
57693
10897
6603
62568
55328
86859
53662
3408
69939
65903
10603
80273
46743
40237
25469
70764
62304
21817
85361
3022
63706
50298
17723
15172
54840
58247
53608
81740
6789
49527
4545
60394
70320
17888
27561
70099
15709
77072
10138
7656
21558
46224
61166
21716
62341
30859
24952
20142
45382
25531
46998
15008
74770
75100
26938
83121
56895
49842
21805
50308
23163
43491
75056
51187
19629
64461
828
80171
44210
82861
47697
81322
39135
47467
87776
15185
30094
76774
76902
53218
43207
40771
47385
85664
87548
56383
44078
73994
87542
87021
21893
45115
68568
40481
11000
674
39712
8846
76589
62703
19237
65528
76748
7990
33610
87527
25772
30416
38654
35353
38352
30666
56036
59106
31603
84876
1252
70201
63637
68812
84938
8469
76141
12138
20169
10244
64955
32994
47894
43254
5073
82378
37750
44021
66445
41134
80331
85040
14307
55003
7283
84791
48211
86247
13845
40869
42324
28434
77704
86517
69958
34034
69418
66700
54654
36531
174
32933
21636
70025
59057
11683
37152
21570
32834
39309
75140
23639
57375
34549
47637
68237
77913
28235
43822
51542
37116
39566
70658
15043
49525
87312
48022
34336
81403
75696
12728
32000
85254
44722
11530
66283
45942
70993
52824
79506
56676
5213
7743
68839
28910
67259
65533
83280
11778
49246
34848
19518
86024
5755
3875
493
50514
78085
85938
35242
20785
24223
86402
1108
68464
13799
8702
85224
84910
51364
26170
22118
48394
61044
72603
47753
50270
31849
39381
30507
51408
11476
43007
19730
8477
47052
86986
74672
9301
78572
11215
21008
35468
60239
76161
50218
84642
50134
8750
65974
84838
87717
85046
47553
75500
29745
13943
64600
22331
13911
246
18030
82042
30709
16575
8831
18926
82335
41373
57348
5821
21151
48343
86778
16188
33788
5134
61184
77775
16935
42773
47578
46186
32006
14179
39676
23569
55156
72330
13119
33062
85119
18767
71812
43836
1811
79823
63905
43192
4177
44815
58120
22219
32478
57532
62316
6649
5960
27246
33973
87204
75921
36567
53163
83693
80866
79947
61775
1066
24448
4213
64014
59247
19984
22138
5693
10163
24834
42391
80986
48386
25936
30983
23987
6720
2091
60720
45788
85689
13038
19758
72922
68746
48130
86027
33520
71767
4104
52852
3262
66491
65520
7665
67268
80054
18274
8825
54608
21506
35840
15281
80619
34273
21041
76968
45900
31687
56181
45440
43137
22995
47408
15226
14887
58038
44181
83027
84990
78688
43512
49068
71185
6183
7481
85052
60454
54041
8475
80904
5656
59753
34672
79298
626
34929
49940
29243
33345
47808
37660
69361
47994
53395
16073
7289
10916
17090
87511
64023
28109
7918
7399
20405
34431
1808
1609
7977
82881
51510
74317
13481
37386
79707
52721
1180
19589
83520
40099
46564
42958
30299
26028
13078
41917
58564
43609
8070
29294
63058
56443
11238
61553
40903
29748
38916
71862
47931
77953
58563
21895
4325
69604
2170
18091
78419
25501
53126
11730
13179
54241
80680
10918
6414
40132
42159
42045
75715
51685
77970
74288
72861
78367
40080
62500
32072
80448
33383
5677
12285
44783
25939
76664
61898
13491
18562
2412
86926
14206
23496
76323
31986
31714
14356
54497
30803
56799
25401
67108
67803
16562
57253
19920
71386
64135
34533
87538
77111
71868
65733
40232
52626
8439
24146
9232
3217
49711
29696
42570
28433
77822
85981
47962
32031
32714
76261
55706
41474
28786
29317
16374
55749
21037
12743
74143
28940
16421
39681
47202
37970
48104
24459
5550
82751
70607
44746
10669
25092
32463
5387
11409
3239
44783
36614
73956
47319
2599
74246
81620
38536
51413
55834
45896
20185
51978
69841
27142
80264
51357
46449
35429
45200
37819
56090
38052
41607
30915
54311
36879
31156
18104
62015
25506
36676
53067
74010
63692
56655
77757
69163
46366
35597
7892
81521
86150
49034
62539
21399
21927
52738
32662
53705
66676
5625
68962
13284
38297
83781
17944
67492
8572
87710
65570
17473
57990
27557
36376
87127
76836
63290
31087
52294
76808
2818
40400
62564
76030
55208
44460
27142
53420
43127
84700
81039
21353
81259
44942
56567
66550
42213
3984
65470
54026
27711
70455
80265
41852
47172
28823
78977
6324
79045
12199
73967
61805
46692
961
45845
87665
28801
27225
83092
55937
55293
69781
30151
42735
81447
1864
53640
12349
25031
48586
55876
66304
86405
27750
39478
13430
76452
1936
81968
33560
56214
144
81814
41654
55705
60922
9164
50190
6025
56366
10713
33411
44040
57350
62500
5528
30101
35648
7483
29977
78477
67147
63414
19718
76310
71927
81799
31173
12288
12636
17612
8648
6644
34867
24194
15013
30301
59795
61024
8404
23612
62737
4226
10437
1852
61079
68267
5293
83209
65721
75402
40779
85286
76434
3027
81221
49009
13238
56975
73840
32695
85758
70288
77878
77557
69090
26944
52250
35231
14323
42834
8353
84216
30153
60071
10761
44375
34633
20130
11212
21926
48723
79604
8933
7887
32479
65699
33376
24960
25212
15004
36535
3411
39303
6873
33542
53269
53052
64985
87272
11230
60257
67127
19686
60843
76308
51169
68611
82253
85652
29887
71766
80905
5398
78028
68807
43659
19744
2052
51638
18914
6670
54333
28271
46717
46402
54653
39668
76761
80702
76435
21330
87280
10932
59034
15007
40640
18647
24576
38288
82005
85634
63572
75165
72518
27650
64397
61762
31847
81966
23602
53849
23245
22902
38584
52316
31668
5765
70986
85262
38094
37811
33023
87486
16578
7394
75759
68850
48390
65395
8536
54272
20293
62364
44615
9474
7509
59599
84192
30843
76529
51044
6393
806
17580
8836
26140
57029
26461
52949
69781
31903
3885
25276
47290
1958
55991
82082
63405
84905
77690
18380
13982
28864
1643
28286
22285
33520
6412
33771
56382
44044
28608
56152
24687
6601
65937
40729
51893
66183
49134
60309
3145
77160
9925
62351
73655
32697
87625
65102
18823
39026
64294
74257
86326
77400
34733
42666
57446
79538
76438
61990
80594
68178
83988
46597
39769
38026
30177
16404
61182
36903
60047
55144
76824
35435
55015
31993
25219
17695
28586
51408
23178
62909
18106
83771
72045
27050
15564
74150
49589
17680
6077
28125
22920
1300
22273
58793
41871
44293
71724
71788
12837
75527
80347
53071
60812
45799
47020
1354
27056
67132
63055
4634
14543
62867
70659
44047
73249
19255
74391
6722
68160
58692
28595
54512
85437
56696
30676
2934
59156
57546
37849
35092
66116
6014
60369
2232
63199
64920
7986
32412
74156
84384
33064
1769
48663
39201
46330
44973
74400
41276
38583
62569
79968
9306
55219
24776
67147
25985
86414
20290
48982
15230
41541
79700
11298
70935
21397
1101
21100
51546
28906
21274
4260
35275
71210
51035
87142
68739
81205
8445
52783
82310
19440
15341
17410
42064
16496
42309
35431
28101
67879
7696
13526
61968
48065
11738
63758
3989
25350
9655
16369
17542
27828
17223
73361
20902
31247
83401
8520
10131
19183
86463
38572
31972
86180
6031
24088
15142
39059
7937
69739
26384
1504
54216
47389
29450
75131
74790
43598
77874
38982
11671
23207
82219
23688
84758
46744
35090
51993
35265
32841
14392
60918
80184
66047
10308
7519
74830
11787
72532
1125
9940
46240
76530
10400
21915
78048
70319
35540
41130
87453
82408
25615
18505
11348
73233
81025
27636
43784
83624
16086
9403
42690
41612
31167
54469
20920
18461
39071
66667
9250
66559
50677
83224
68555
63027
45973
71438
64973
47500
14343
48903
19215
38746
18068
29177
64645
58895
70251
65650
74700
71965
40103
85460
29370
19337
19450
40335
30990
3109
75042
84726
25925
85249
84343
8666
39188
6700
54971
48898
22536
81469
16269
30560
65790
34207
18382
8000
12746
4928
24246
24841
52517
32779
1625
22048
62418
79354
66590
31693
12392
28967
62325
7197
58615
66832
24872
2704
57839
70481
56492
86071
67509
28734
57283
64176
84265
79350
41690
1146
60970
40003
27358
24513
48483
70840
19366
39963
86744
23640
75298
50636
41548
75612
69331
44781
1134
80029
2154
18180
28176
52589
71568
41327
45727
4387
43095
47469
22071
6073
63024
24632
5746
27091
72915
47817
74400
82472
19885
33119
50948
66317
22568
29239
12404
11632
81709
16772
54933
77309
21000
37753
78502
79529
21108
28538
29114
3730
74722
20554
33544
38740
1020
75567
41437
43089
140494
153532
121195
115950
117355
129832
129056
156088
89140
132862
140147
167817
132775
113712
116790
125531
115602
101530
129250
150314
104499
129799
99507
164501
123325
111448
166846
97513
121753
156310
143595
135965
137035
157145
129400
111241
134007
95472
98554
170154
111267
123943
123831
167965
162897
98551
98741
94925
139602
152863
97403
127274
94057
160591
91304
158863
152694
101109
138913
166649
146742
149748
134776
107136
143406
126882
141735
141007
147266
105022
121736
163156
169000
147998
92731
109997
160344
97078
175470
113406
88147
138701
122273
124162
99847
159779
125291
135528
96565
145282
160713
129978
139063
142679
142249
167313
155760
124798
105977
158409
130917
160207
147815
107895
136798
90671
134564
163187
123249
111525
172299
165759
156623
170368
137939
97839
115270
120849
113056
117480
119259
93830
142597
174470
171223
154063
127162
150585
110616
165844
107112
105620
130854
139102
110828
122449
107611
163895
143895
115148
131111
122609
108887
103482
100689
117693
151312
100864
138786
130171
140093
159081
98031
91318
141228
174548
161047
152356
148898
134125
95487
98337
163372
155534
174037
101561
133875
138442
157152
174840
170150
143731
128386
105830
144085
154481
88055
116355
142184
156653
88118
115110
152502
140657
122792
115136
195390
221549
243041
225309
245101
192083
208925
261539
225111
254471
225763
209425
224194
181926
261533
258952
235124
186326
184522
243133
193282
197161
244149
239815
220037
181912
251381
234994
227190
263727
213527
189085
200340
205442
223681
189394
258332
257174
195045
253398
182155
219046
250033
204597
243138
248727
248242
203915
212087
219117
198768
187702
242189
202879
196481
255746
225398
196463
209162
186812
262382
257675
187564
252022
208195
225836
260483
201894
231481
227331
208980
250949
220580
246462
211388
256045
225251
216993
182096
189025
180549
248540
214584
257666
299971
292631
332371
286376
320197
333981
340202
296693
340820
309348
279344
288363
351930
276716
280913
315341
287886
350146
288394
319083
277204
344965
330962
342714
304749
293045
325353
303259
280841
323043
284108
282768
331667
325377
328838
266980
434732
367801
405826
378625
363891
373587
366491
362655
437232
428386
375572
368758
352337
420176
391453
352179
405102
408583
427459
374952
353196
406377
427537
363563
394088
389198
431094
435208
411973
439416
376777
419813
435595
384311
380822
358251
409132
398681
404753
390816
407630
352887
422515
365707
417520
406745
429171
354707
364940
411039
403692
372179
419997
384434
376186
376595
360625
365913
424622
401326
522755
490752
505802
493934
493702
447361
449569
459319
440322
479273
467263
490596
489264
460566
496675
488443
464998
486891
481975
519604
453156
480529
517086
495044
506313
447825
453380
507195
512123
456015
482061
461851
468595
469836
448533
448658
493472
521539
456340
506186
459493
520460
492878
468050
517911
505943
485060
506578
606750
542441
599414
544561
555364
598922
593960
608788
615809
557171
579785
592289
598893
537113
611736
591290
607207
537503
540771
597667
532519
550721
586667
544316
679666
673041
663828
658646
637135
676098
767438
745288
763965
777913
706183
722564
814678
835815
826825
828917
878938
832490
882048
934031
883628
917566
936223
909531
901649
932015
883059
918934
934499
917822
983312
991501
999317
985654
1044860
1015224
1049199
984848
994626
973308
1007320
978974
1015442
1044324
970448
981529
1011173
1039093
998042
973518
1006012
1007939
975974
1024939
990578
999755
1052432
978972
1047668
994096
1027132
969277
1039600
1015989
977288
1009121
1022843
1002780
1011822
986701
974643
972434
982408
986831
1023308
1017444
1042071
994780
1017218
1033225
1051607
1007517
985950
970424
1002594
1033516
1046423
974639
1015578
1001520
1188550
1187742
1174937
1164727
1150668
1186794
1238090
1274900
1278428
1285265
1276300
1252904
1331886
1388506
1359573
1360936
1359290
1332835
1407175
1383985
1374344
1392445
1380878
1354175
1421711
1478115
1435711
1465708
1415673
1450233
1563699
1565199
1530160
1501971
1551814
1555900
1662193
1588412
1635412
1650242
1605070
1640988
1707207
1682085
1759635
1675285
1703402
1751900
1680068
1747702
1684721
1710165
1709502
1696094
1721450
1706936
1718473
1718587
1677606
1758636
1817476
1763946
1805241
1768001
1776838
1802298
1860016
1879417
1854962
1848870
1884251
1865512
1992678
1980682
2003896
1954620
1968595
1948684
1939505
2016559
1961547
2000404
2010268
1936346
2086979
2109772
2060669
2044114
2083016
2087487
2139022
2126023
2184720
2154401
2123317
2160095
2511248
2495038
2523753
2482334
2520238
2504064
2571153
2632986
2586985
2608299
2615664
2575426
2629496
2621484
2624087
2573997
2555500
2589460
2616421
2553883
2609720
2607787
2603791
2619605
2717000
2703864
2720671
2676201
2660526
2676787
2775649
2810114
2775191
2757045
2752505
2804531
2745296
2810693
2783586
2739734
2814365
2786009
2903501
2886949
2834415
2846079
2843111
2869038
2856684
2869129
2843601
2843168
2866885
2835516
2965116
2929453
2962885
2915223
2953442
2945942
2964976
2928106
2909586
2990624
2990545
2953725
2928439
2969600
2920588
2963551
2906215
2937949
3012290
3069730
3037778
3051410
3027829
3048406
3058534
3005948
3031811
3048893
3011028
3055085
3246977
3200901
3207945
3245245
3194633
3250616
3324800
3324821
3337288
3305799
3266920
3263154
3409759
3365222
3359906
3417139
3369389
3362657
3448724
3519512
3447215
3482416
3475107
3499339
3660499
3626415
3693241
3687505
3663287
3661508
3941937
3940986
3948769
3923410
3937916
3934992
4108625
4075441
4085349
4085133
4130157
4099214
4131271
4070927
4066155
4064104
4110203
4096877
4859487
4905253
4922659
4856168
4892377
4919591
4932730
4981917
4974816
4995231
4966216
4944042
5337496
5286613
5296151
5351314
5330308
5326721
5579253
5586909
5604064
5565724
5613159
5551143
5859603
5838055
5828468
5825687
5873939
5851308
5954668
5967053
5897445
5974986
5923899
5920666
6051623
6009006
6012116
5984651
6058436
6001175
6582180
6522766
6534154
6590419
6531177
6563288
6948432
6932190
6887755
6896599
6872388
6940088
8198313
8184674
8207631
8196327
8204282
8200545
8313845
8359508
8296029
8311106
8347007
8359918
8774648
8756889
8719029
8766105
8776594
8763869
